Цена,Просмотров,Продавец,Площадь,Количество комнат,Этаж,Всего этажей,Тип
0.38191524446814146,-0.6601070344012836,1.0,0.37317237215128934,0.0,-0.2857142857142857,0.2727272727272727,0.0
1.1497019389863385,0.6167341502019363,1.0,0.0,0.0,0.7142857142857143,0.8181818181818182,0.0
-0.10467399843822048,-0.1298532232846404,1.0,0.22071743639696217,-1.0,-0.2857142857142857,-0.36363636363636365,-1.0
0.9416319285866047,0.9946097602537796,1.0,1.1892640262705585,1.0,0.2857142857142857,-0.45454545454545453,0.0
0.7933229216896874,-0.27438548642936744,1.0,1.289749819644638,1.0,0.2857142857142857,-0.36363636363636365,0.0
1.464051504320956,-0.4331535563153737,0.0,1.5956968042065822,3.0,-0.42857142857142855,-1.0909090909090908,0.0
1.0128062361792496,0.7400735487327427,0.0,-0.11900421984452515,0.0,0.2857142857142857,1.0909090909090908,0.0
1.464051504320956,-0.8129498828430624,0.0,1.5081803988589209,1.0,0.2857142857142857,-0.36363636363636365,0.0
0.7933229216896874,0.34307381296173056,0.0,-0.3776354696174146,0.0,1.4285714285714286,0.9090909090909091,0.0
0.38191524446814146,0.3081906077022748,1.0,-0.31015111099647874,-1.0,-0.42857142857142855,-0.9090909090909091,-1.0
0.7933229216896874,0.7421142841274069,1.0,0.37317237215128934,1.0,-0.42857142857142855,-0.8181818181818182,0.0
-0.10467399843822048,0.30942946737969285,0.0,0.22071743639696217,0.0,-0.2857142857142857,-0.36363636363636365,0.0
1.3427174804546107,-0.3319727997525014,1.0,0.22071743639696217,0.0,0.14285714285714285,0.5454545454545454,0.0
0.7933229216896874,1.2292387874652813,0.0,-0.18094119376184353,0.0,0.7142857142857143,0.6363636363636364,0.0
0.38191524446814146,1.0420618714316954,1.0,-0.0587190970290531,0.0,1.4285714285714286,0.5454545454545454,0.0
-1.1339374628690366,0.5438542186215011,1.0,-1.1937271237366847,0.0,-0.42857142857142855,-1.0,0.0
-1.1339374628690366,1.9340640651581817,0.0,-0.18094119376184353,-1.0,0.42857142857142855,-0.36363636363636365,-1.0
-0.10467399843822048,1.1707103435884394,1.0,-0.11900421984452515,0.0,0.5714285714285714,0.18181818181818182,0.0
-1.4679706441348583,-0.311518412415754,1.0,-3.580995584636514,0.0,-0.5714285714285714,-1.0909090909090908,0.0
1.745247473311955,-0.6601070344012836,1.0,1.652213701224854,2.0,0.2857142857142857,-0.45454545454545453,0.0
0.636285217605048,-0.03896740681365683,1.0,-0.11900421984452515,0.0,0.5714285714285714,-0.09090909090909091,0.0
-0.9813932620667003,-0.24436511079369122,1.0,-0.7490520683738057,-1.0,0.7142857142857143,0.36363636363636365,-1.0
0.7933229216896874,0.13169586968393382,0.0,0.32348777582934024,0.0,0.8571428571428571,0.9090909090909091,0.0
0.38191524446814146,-0.0058663885921766586,0.0,0.8578583504642956,1.0,-0.42857142857142855,-0.45454545454545453,0.0
1.1497019389863385,-0.5645442640583862,1.0,-0.5189663710251802,-1.0,2.7142857142857144,1.0909090909090908,-1.0
-0.3272060223972283,-1.538130195341289,1.0,-0.3776354696174146,0.0,0.0,-0.8181818181818182,0.0
-1.4679706441348583,-1.140546651064236,1.0,-0.3776354696174146,0.0,0.0,-0.8181818181818182,0.0
-0.44584025932124,0.6849369353979102,1.0,0.37317237215128934,0.0,-0.14285714285714285,-0.8181818181818182,0.0
-0.7002061889168545,-1.0816650692723286,0.0,-0.44719659286056584,0.0,0.0,-0.8181818181818182,0.0
1.0821316978188553,0.2460315896256434,1.0,-4.6434661109333035,0.0,0.8571428571428571,0.9090909090909091,0.0
-0.9813932620667003,-0.7999623436740968,0.0,-0.44719659286056584,0.0,-0.14285714285714285,-0.8181818181818182,0.0
-0.44584025932124,-1.2420326557891035,0.0,-0.44719659286056584,0.0,-0.14285714285714285,-0.45454545454545453,0.0
0.38191524446814146,0.37760727959929635,1.0,-0.11900421984452515,0.0,0.5714285714285714,0.36363636363636365,0.0
-0.7002061889168545,0.314358320974694,1.0,-0.31015111099647874,0.0,0.0,-0.8181818181818182,0.0
-0.7002061889168545,-0.1298532232846404,1.0,-0.9165774474933477,-1.0,-0.5714285714285714,-0.18181818181818182,-1.0
-0.3272060223972283,0.7400735487327427,0.0,-0.5930896716640074,-1.0,1.5714285714285714,0.2727272727272727,-1.0
-0.10467399843822048,-0.8085879469351067,0.0,-0.18094119376184353,0.0,-0.2857142857142857,-0.8181818181818182,0.0
-0.10467399843822048,-1.0610547631472234,1.0,-0.18094119376184353,0.0,1.5714285714285714,0.18181818181818182,0.0
-1.2957317076971666,1.416050529243823,0.0,-0.3776354696174146,0.0,-0.42857142857142855,-0.9090909090909091,0.0
-0.9813932620667003,-1.1252499630130541,1.0,-0.44719659286056584,0.0,0.0,-0.8181818181818182,0.0
1.464051504320956,0.7171327767667101,1.0,0.8178474275141694,1.0,-0.2857142857142857,-0.6363636363636364,0.0
-0.10467399843822048,-1.5866316203919528,0.0,1.1547510179858091,2.0,-0.5714285714285714,-0.8181818181818182,0.0
-0.10467399843822048,0.38089434766477803,1.0,-0.6697261000016845,-1.0,-0.42857142857142855,-0.6363636363636364,-1.0
0.38191524446814146,-1.538130195341289,0.0,0.0,0.0,0.42857142857142855,0.5454545454545454,0.0
1.1497019389863385,0.5207816021247378,1.0,0.606426336496869,2.0,-0.14285714285714285,-0.8181818181818182,0.0
0.19778310622916048,1.1076820491602821,1.0,-0.31015111099647874,-1.0,-0.2857142857142857,-0.9090909090909091,-1.0
1.1497019389863385,0.20744424435348457,0.0,-3.8828510601497532,0.0,1.4285714285714286,1.0,0.0
-0.10467399843822048,1.2313510092240572,1.0,-0.5189663710251802,-1.0,2.0,0.8181818181818182,-1.0
-0.7002061889168545,0.7685596308571924,0.0,0.0,0.0,1.5714285714285714,0.2727272727272727,0.0
0.636285217605048,-2.4931650082387757,1.0,-0.18094119376184353,0.0,0.42857142857142855,0.2727272727272727,0.0
-1.8498722031561299,0.5968387982957044,0.0,-3.3147401855377905,0.0,-0.2857142857142857,0.18181818181818182,0.0
1.2156036486481259,-0.8398419236287209,0.0,0.8178474275141694,0.0,0.42857142857142855,-0.36363636363636365,0.0
1.1497019389863385,-1.810829332948083,1.0,0.7356362537315051,1.0,1.5714285714285714,1.0,0.0
-0.3272060223972283,-0.8129498828430624,0.0,-0.11900421984452515,0.0,0.8571428571428571,0.2727272727272727,0.0
1.0128062361792496,-0.1798832344665822,0.0,0.22071743639696217,0.0,1.4285714285714286,0.2727272727272727,0.0
-0.7002061889168545,-0.14879429641823447,1.0,-0.44719659286056584,0.0,0.5714285714285714,-0.45454545454545453,0.0
-1.1339374628690366,0.689420646284279,0.0,-0.5189663710251802,0.0,-0.14285714285714285,-0.45454545454545453,0.0
-0.3272060223972283,0.06371457153271787,0.0,-0.11900421984452515,0.0,0.8571428571428571,0.36363636363636365,0.0
-0.3272060223972283,0.2481010752415764,0.0,0.37317237215128934,0.0,-0.14285714285714285,-0.8181818181818182,0.0
0.38191524446814146,-1.321274558168201,1.0,-0.0587190970290531,0.0,2.142857142857143,0.8181818181818182,0.0
-0.7002061889168545,-1.1103506368119638,0.0,-0.3776354696174146,0.0,-0.5714285714285714,-1.0,0.0
-0.44584025932124,-0.18719023529018183,1.0,-5.147895080524487,1.0,-0.5714285714285714,-0.8181818181818182,0.0
-0.10467399843822048,-0.6275078188758506,1.0,0.22071743639696217,0.0,1.1428571428571428,0.36363636363636365,0.0
0.2914367813509963,1.8524643587365184,0.0,0.11305146292924435,0.0,1.2857142857142858,0.9090909090909091,0.0
0.38191524446814146,0.8190704512395515,0.0,0.37317237215128934,1.0,-0.42857142857142855,0.36363636363636365,0.0
0.19778310622916048,1.0643926533386587,1.0,-0.3776354696174146,0.0,-0.2857142857142857,0.0,0.0
1.1497019389863385,0.2355706588154694,1.0,-3.3147401855377905,0.0,-0.5714285714285714,-0.6363636363636364,0.0
-0.10467399843822048,-1.3540601560860677,1.0,-0.11900421984452515,0.0,1.1428571428571428,0.0,0.0
-0.3272060223972283,-0.04010435824174278,1.0,-1.2942129171107624,0.0,-0.5714285714285714,-0.45454545454545453,0.0
-0.3272060223972283,-0.5532970055091299,1.0,-0.44719659286056584,0.0,-0.42857142857142855,-0.8181818181818182,0.0
-0.3272060223972283,0.48364867613835116,1.0,-0.5189663710251802,0.0,-0.14285714285714285,-0.45454545454545453,0.0
0.0,-0.30066146100996977,1.0,-0.5189663710251802,0.0,-0.42857142857142855,-0.8181818181818182,0.0
-0.10467399843822048,0.8069835592772064,1.0,-0.5189663710251802,0.0,-0.42857142857142855,-0.8181818181818182,0.0
-0.9813932620667003,1.8412686582539801,0.0,-0.3776354696174146,0.0,-0.5714285714285714,-0.8181818181818182,0.0
-0.3272060223972283,0.10669692847207209,0.0,0.22071743639696217,0.0,-0.5714285714285714,0.5454545454545454,0.0
0.19778310622916048,0.27434621680229093,1.0,-1.0052381495661724,-1.0,0.2857142857142857,0.9090909090909091,-1.0
-0.44584025932124,-0.1945915225950764,1.0,-0.31015111099647874,0.0,0.0,-0.45454545454545453,0.0
-0.9813932620667003,0.5608687824407659,0.0,-1.0052381495661724,-1.0,-0.2857142857142857,-1.0,-1.0
-0.10467399843822048,0.6868628190460156,0.0,-5.798217128919112,1.0,-0.2857142857142857,-0.8181818181818182,0.0
-0.9813932620667003,0.5777808390116506,0.0,0.0,0.0,0.8571428571428571,0.18181818181818182,0.0
0.38191524446814146,-0.21275425822534944,0.0,-0.18094119376184353,0.0,-0.42857142857142855,0.5454545454545454,0.0
0.7933229216896874,-1.7405056453949015,1.0,0.606426336496869,1.0,0.7142857142857143,1.0,0.0
-0.10467399843822048,-1.4654264553787857,0.0,-1.1937271237366847,-1.0,0.2857142857142857,1.0,-1.0
0.19778310622916048,-0.5996731057683249,1.0,-4.231317633031139,0.0,-0.2857142857142857,-0.36363636363636365,0.0
-0.5699940570015389,-1.2513595573495642,1.0,-0.6697261000016845,-1.0,1.4285714285714286,0.36363636363636365,-1.0
-0.10467399843822048,0.30694906650831183,0.0,-0.18094119376184353,0.0,0.8571428571428571,0.9090909090909091,0.0
0.38191524446814146,-1.4792486135493812,1.0,0.606426336496869,1.0,-0.2857142857142857,0.0,0.0
0.2914367813509963,-0.35122265352419896,0.0,-0.11900421984452515,0.0,0.7142857142857143,0.5454545454545454,0.0
-0.10467399843822048,0.7980783021128812,1.0,-3.076566615045329,1.0,-0.5714285714285714,0.2727272727272727,0.0
-0.7002061889168545,0.4641400298364148,1.0,-0.18094119376184353,0.0,0.8571428571428571,0.36363636363636365,0.0
-1.4679706441348583,0.8314062343683133,0.0,-2.01409608874854,-1.0,-0.5714285714285714,-0.8181818181818182,-1.0
-1.4679706441348583,0.5960885145946565,1.0,-0.9165774474933477,-1.0,1.4285714285714286,0.2727272727272727,-1.0
-0.44584025932124,0.7792967240689943,0.0,-0.3776354696174146,0.0,0.8571428571428571,0.09090909090909091,0.0
-0.9813932620667003,0.3642673339898191,1.0,-4.231317633031139,0.0,-0.2857142857142857,-0.8181818181818182,0.0
-0.5699940570015389,1.3330280397435426,0.0,0.0,0.0,1.4285714285714286,0.45454545454545453,0.0
0.38191524446814146,0.27566028795587694,0.0,0.16752537911954302,0.0,1.4285714285714286,0.7272727272727273,0.0
-1.2136087579518793,0.6686313517160459,0.0,-0.6697261000016845,-1.0,1.4285714285714286,0.36363636363636365,-1.0
-1.2957317076971666,0.18251796603639045,0.0,-0.6697261000016845,-1.0,1.2857142857142858,0.36363636363636365,-1.0
-0.7002061889168545,0.6250029311760624,0.0,-0.11900421984452515,0.0,1.2857142857142858,0.36363636363636365,0.0
0.38191524446814146,0.5766169729221018,1.0,-0.18094119376184353,0.0,-0.42857142857142855,-0.9090909090909091,0.0
-0.5699940570015389,-0.10894551251245713,1.0,-0.831263242156469,0.0,1.0,0.36363636363636365,0.0
-1.6520964283901844,1.4213288814965992,1.0,-0.6697261000016845,0.0,-0.5714285714285714,-1.0909090909090908,0.0
-0.9813932620667003,1.9482044444419842,1.0,0.0,0.0,0.14285714285714285,0.36363636363636365,0.0
-0.9813932620667003,0.767725315353488,1.0,-0.7490520683738057,0.0,-0.2857142857142857,-0.8181818181818182,0.0
-0.7002061889168545,0.29881287608217116,1.0,-0.9165774474933477,-1.0,-0.42857142857142855,0.0,-1.0
-0.10467399843822048,0.37540538895803804,0.0,0.606426336496869,1.0,0.0,-0.18181818181818182,0.0
0.38191524446814146,0.00370255671625704,1.0,0.2726865787772108,0.0,1.1428571428571428,0.18181818181818182,0.0
0.38191524446814146,0.4646123162424037,0.0,1.0111752721708358,1.0,-0.42857142857142855,-0.36363636363636365,0.0
-0.10467399843822048,0.4795237472394273,1.0,0.606426336496869,1.0,0.14285714285714285,-0.45454545454545453,0.0
-1.4679706441348583,-0.3338689727443347,0.0,-0.18094119376184353,0.0,-0.42857142857142855,-1.0909090909090908,0.0
0.19778310622916048,0.4971880570985065,0.0,0.37317237215128934,1.0,0.0,0.18181818181818182,0.0
-1.1339374628690366,0.4845613124608248,0.0,-1.2942129171107624,-1.0,-0.42857142857142855,-0.5454545454545454,-1.0
0.0,0.5220643275366972,1.0,0.606426336496869,1.0,0.2857142857142857,-0.45454545454545453,0.0
-0.3272060223972283,0.11195927554446897,1.0,-1.2942129171107624,-1.0,-0.2857142857142857,-0.36363636363636365,-1.0
-1.2957317076971666,1.2725017713015274,1.0,-0.0587190970290531,0.0,-0.2857142857142857,-0.8181818181818182,0.0
-1.1339374628690366,0.990661071339885,0.0,-0.3776354696174146,0.0,-0.2857142857142857,-0.8181818181818182,0.0
-0.5699940570015389,0.7450170828716348,1.0,0.11305146292924435,0.0,0.2857142857142857,-0.36363636363636365,0.0
-1.1339374628690366,0.23977795255169568,0.0,-6.714794576412461,0.0,1.1428571428571428,0.36363636363636365,0.0
0.38191524446814146,0.014150783810991514,0.0,0.37317237215128934,0.0,1.2857142857142858,0.5454545454545454,0.0
-0.21362139389277127,0.7951673339807679,0.0,-0.18094119376184353,0.0,0.2857142857142857,-0.36363636363636365,0.0
-1.2957317076971666,1.0950819665269595,0.0,-0.44719659286056584,0.0,0.0,-0.45454545454545453,0.0
-0.3272060223972283,0.053172069435826495,0.0,-0.9165774474933477,-1.0,0.8571428571428571,0.0,-1.0
-0.7002061889168545,0.43853547091485734,1.0,-0.9165774474933477,0.0,-0.5714285714285714,-1.0909090909090908,0.0
-1.4679706441348583,0.7749160493524513,0.0,-0.5189663710251802,-1.0,-0.5714285714285714,0.36363636363636365,-1.0
-0.9813932620667003,0.5091061301866737,0.0,-1.0052381495661724,0.0,0.14285714285714285,-0.45454545454545453,0.0
0.0,-0.19907857395944872,1.0,-0.11900421984452515,-1.0,0.5714285714285714,0.8181818181818182,-1.0
0.7933229216896874,-0.0232822784850988,1.0,0.32348777582934024,1.0,0.2857142857142857,-0.45454545454545453,0.0
-0.10467399843822048,0.17003112064304182,1.0,0.46938085463278284,0.0,-0.42857142857142855,0.2727272727272727,0.0
-1.2957317076971666,0.6185418787945504,0.0,-0.5189663710251802,-1.0,0.8571428571428571,0.36363636363636365,-1.0
-0.3272060223972283,1.0690197514974615,0.0,0.37317237215128934,0.0,0.2857142857142857,-0.36363636363636365,0.0
-0.44584025932124,0.5994570895415788,1.0,0.22071743639696217,1.0,-0.42857142857142855,-0.8181818181818182,0.0
-0.10467399843822048,0.45796465466045655,0.0,-1.625618592917027,-1.0,-0.5714285714285714,-1.0,-1.0
0.1007232292538765,-0.5532970055091299,0.0,-0.831263242156469,-1.0,1.2857142857142858,1.0,-1.0
-0.10467399843822048,0.15726638117751113,0.0,1.0111752721708358,1.0,0.0,0.2727272727272727,0.0
-0.5699940570015389,0.45796465466045655,0.0,-1.0975186412551912,0.0,-0.2857142857142857,-0.45454545454545453,0.0
-0.7002061889168545,0.5417946407976622,0.0,0.42178839925821415,1.0,0.2857142857142857,0.18181818181818182,0.0
-0.3272060223972283,0.3975837897037153,0.0,0.7771155483683956,1.0,0.2857142857142857,-0.45454545454545453,0.0
-0.44584025932124,-0.29176838662839033,1.0,-0.0587190970290531,0.0,1.1428571428571428,1.0,0.0
0.55415974067876,1.222477312616763,1.0,0.16752537911954302,1.0,-0.2857142857142857,-1.0,0.0
-0.7002061889168545,0.1731784086911055,0.0,-0.3776354696174146,0.0,-0.2857142857142857,-0.8181818181818182,0.0
-0.7002061889168545,0.1249077217294245,0.0,-0.9165774474933477,-1.0,-0.42857142857142855,-0.8181818181818182,-1.0
-0.5699940570015389,-0.0887731722706479,1.0,0.16752537911954302,0.0,0.5714285714285714,0.6363636363636364,0.0
-0.44584025932124,0.8757256967714337,0.0,0.0,0.0,1.2857142857142858,0.2727272727272727,0.0
0.1007232292538765,0.8471287928907432,1.0,-0.0587190970290531,0.0,2.0,1.0,0.0
0.38191524446814146,0.398114156646419,0.0,1.1892640262705585,2.0,0.0,-0.45454545454545453,0.0
-0.8370983802185354,0.3557695221535705,1.0,0.0,0.0,1.7142857142857142,0.36363636363636365,0.0
0.0,-0.6805946339674299,0.0,-0.18094119376184353,0.0,0.7142857142857143,0.9090909090909091,0.0
-0.9813932620667003,1.190890722514194,1.0,-0.24462309878262187,-1.0,-0.5714285714285714,-1.1818181818181819,-1.0
-0.9813932620667003,0.10227445623495454,0.0,-3.3147401855377905,0.0,-0.5714285714285714,-0.8181818181818182,0.0
-0.10467399843822048,0.6087117563851694,0.0,-0.18094119376184353,0.0,2.0,0.6363636363636364,0.0
0.0,0.3395620154143499,0.0,0.7771155483683956,1.0,-0.14285714285714285,-0.45454545454545453,0.0
0.19778310622916048,0.17474560039738007,1.0,-5.147895080524487,1.0,0.0,-0.45454545454545453,0.0
-1.4679706441348583,0.6599656511598319,0.0,-0.44719659286056584,0.0,0.5714285714285714,-0.45454545454545453,0.0
0.38191524446814146,-0.973600026906274,0.0,-0.18094119376184353,-1.0,0.7142857142857143,0.9090909090909091,-1.0
0.7933229216896874,0.4497875260439738,1.0,0.11305146292924435,0.0,1.8571428571428572,0.36363636363636365,0.0
-0.5699940570015389,-0.9972566500453774,1.0,-0.7490520683738057,-1.0,0.14285714285714285,0.45454545454545453,-1.0
-0.9813932620667003,1.1712614767633585,0.0,0.16752537911954302,2.0,-0.5714285714285714,-1.1818181818181819,0.0
-1.2957317076971666,0.679120179894334,0.0,0.0,0.0,0.5714285714285714,-0.45454545454545453,0.0
-0.9813932620667003,0.11976336610163925,0.0,-0.18094119376184353,-1.0,0.42857142857142855,-0.45454545454545453,-1.0
-0.10467399843822048,0.5536385378708996,0.0,0.8178474275141694,1.0,0.14285714285714285,0.18181818181818182,0.0
-0.7002061889168545,-0.17123595801565578,0.0,-0.18094119376184353,0.0,-0.14285714285714285,-0.9090909090909091,0.0
0.1007232292538765,1.2919089443017036,0.0,1.3543415890899706,2.0,0.5714285714285714,-0.45454545454545453,0.0
-1.2957317076971666,0.9438995340922464,1.0,-0.7490520683738057,-1.0,1.0,0.18181818181818182,-1.0
-0.8370983802185354,0.8650214416406188,0.0,-0.6697261000016845,-1.0,1.1428571428571428,0.45454545454545453,-1.0
0.19778310622916048,0.804900608980318,0.0,0.693381600441056,0.0,0.14285714285714285,0.0,0.0
-1.1339374628690366,1.3314678108161706,0.0,-1.0052381495661724,0.0,-0.5714285714285714,-0.45454545454545453,0.0
-0.10467399843822048,0.8149842946346405,0.0,0.11305146292924435,0.0,1.0,0.45454545454545453,0.0
0.19778310622916048,0.5388987510160017,0.0,0.9358163562335279,1.0,0.7142857142857143,-0.36363636363636365,0.0
-0.10467399843822048,0.3038334053568604,1.0,0.05723237673061794,0.0,0.7142857142857143,-0.36363636363636365,0.0
0.7856866555990677,1.609638560796367,1.0,0.6503220483946264,1.0,-0.2857142857142857,-0.18181818181818182,0.0
-0.8370983802185354,-0.8129498828430624,0.0,-0.7490520683738057,0.0,-0.5714285714285714,-1.0,0.0
-0.7002061889168545,0.41944746727557763,1.0,-0.5189663710251802,-1.0,1.4285714285714286,0.36363636363636365,-1.0
-1.1340944552834555,-0.40024251458997206,0.0,-0.3776354696174146,0.0,-0.2857142857142857,-0.8181818181818182,0.0
-0.8370983802185354,-0.49008538714924843,0.0,-0.11900421984452515,0.0,0.42857142857142855,-0.36363636363636365,0.0
0.38191524446814146,0.3081906077022748,0.0,0.0,0.0,0.0,1.0,0.0
-1.1339374628690366,1.2518168505090506,0.0,-0.0587190970290531,0.0,0.42857142857142855,0.6363636363636364,0.0
-0.9813932620667003,-0.08630078996143686,0.0,-0.44719659286056584,0.0,-0.14285714285714285,-0.45454545454545453,0.0
0.1007232292538765,1.4364450912060276,1.0,0.2726865787772108,0.0,-0.14285714285714285,-0.9090909090909091,0.0
0.38191524446814146,0.23062282449571847,0.0,-0.5189663710251802,-1.0,0.8571428571428571,0.9090909090909091,-1.0
-0.3272060223972283,-0.05626294248465089,1.0,0.11305146292924435,0.0,0.7142857142857143,0.18181818181818182,0.0
0.0,0.0005306123693664327,1.0,-4.6434661109333035,0.0,1.5714285714285714,0.6363636363636364,0.0
-1.8498722031561299,-0.1298532232846404,0.0,0.22071743639696217,0.0,-0.2857142857142857,0.36363636363636365,0.0
-0.10467399843822048,0.09332588460523876,0.0,0.37317237215128934,1.0,-0.2857142857142857,-0.8181818181818182,0.0
-0.10467399843822048,0.3574791860353098,0.0,0.7771155483683956,1.0,0.0,-0.36363636363636365,0.0
-0.10467399843822048,0.7400735487327427,0.0,0.0,1.0,-0.42857142857142855,-1.0909090909090908,0.0
-0.7002061889168545,0.4305756997093947,0.0,-0.5189663710251802,0.0,-0.42857142857142855,-0.45454545454545453,0.0
0.1007232292538765,0.8228749653488457,0.0,0.606426336496869,1.0,0.0,-0.45454545454545453,0.0
0.0,-0.500148659436193,0.0,0.11305146292924435,0.0,0.2857142857142857,-0.45454545454545453,0.0
0.7933229216896874,-0.6403260463290802,1.0,0.37317237215128934,0.0,2.7142857142857144,0.9090909090909091,0.0
-0.7002061889168545,-0.014508236541094859,0.0,-0.9165774474933477,-1.0,0.7142857142857143,0.5454545454545454,-1.0
-0.10467399843822048,-0.34537956251013135,0.0,-0.18094119376184353,0.0,0.14285714285714285,0.2727272727272727,0.0
-0.10478075428474319,-0.3415169768183424,0.0,1.1892640262705585,2.0,-0.2857142857142857,-0.45454545454545453,0.0
0.7933229216896874,-0.6370945346399961,1.0,0.22071743639696217,0.0,2.0,0.9090909090909091,0.0
-1.4679706441348583,0.19246710606414252,0.0,-1.1937271237366847,-1.0,1.4285714285714286,0.09090909090909091,-1.0
-1.6520964283901844,0.5789423483002158,0.0,-0.831263242156469,-1.0,0.2857142857142857,0.2727272727272727,-1.0
-0.10467399843822048,0.9049395836852551,1.0,-4.231317633031139,0.0,-0.42857142857142855,-1.0,0.0
-0.9813932620667003,0.2937480148495889,0.0,-0.5189663710251802,0.0,-0.42857142857142855,-0.8181818181818182,0.0
0.38191524446814146,-0.13654631915381016,0.0,0.22071743639696217,0.0,-0.42857142857142855,0.45454545454545453,0.0
0.19778310622916048,0.4458987531306102,1.0,0.2726865787772108,0.0,0.0,0.6363636363636364,0.0
-0.9813932620667003,0.2815366356172814,0.0,0.05723237673061794,0.0,0.7142857142857143,0.45454545454545453,0.0
-0.10467399843822048,0.061812109398387674,1.0,-0.6697261000016845,0.0,-0.2857142857142857,-0.8181818181818182,0.0
-0.3272060223972283,0.6181807885669072,1.0,-0.5189663710251802,-1.0,-0.5714285714285714,-1.1818181818181819,-1.0
-0.9813932620667003,-0.293536005308211,0.0,-4.231317633031139,0.0,-0.14285714285714285,-0.45454545454545453,0.0
-0.3272060223972283,-0.3096945895511186,0.0,0.11305146292924435,0.0,0.42857142857142855,0.2727272727272727,0.0
0.38191524446814146,-0.6534372870680362,1.0,0.37317237215128934,0.0,-0.14285714285714285,0.18181818181818182,0.0
0.38191524446814146,-0.3671016414624395,1.0,0.7771155483683956,1.0,0.8571428571428571,0.2727272727272727,0.0
-0.7002061889168545,0.5343183202259106,1.0,-0.0587190970290531,0.0,-0.42857142857142855,0.45454545454545453,0.0
-0.3272060223972283,-0.27610026142149374,1.0,-0.9165774474933477,-1.0,-0.2857142857142857,-0.8181818181818182,-1.0
-0.5699940570015389,-0.4110044026580541,1.0,0.11305146292924435,0.0,1.0,0.0,0.0
-0.9813932620667003,0.7315408638537019,0.0,-1.1937271237366847,0.0,0.14285714285714285,-0.45454545454545453,0.0
-0.10467399843822048,0.8848740853968988,0.0,0.6503220483946264,1.0,0.5714285714285714,-0.45454545454545453,0.0
0.7933229216896874,0.20892067195801894,1.0,-0.11900421984452515,0.0,1.4285714285714286,0.5454545454545454,0.0
-0.44584025932124,0.13000634914674442,0.0,-0.7490520683738057,-1.0,-0.2857142857142857,0.0,-1.0
0.19778310622916048,-0.4445573475902532,1.0,0.11305146292924435,0.0,-0.5714285714285714,-0.8181818181818182,0.0
0.38191524446814146,0.14421109652060957,0.0,1.734424875007516,2.0,-0.42857142857142855,-0.9090909090909091,0.0
0.0,-0.22519034009962435,1.0,0.05723237673061794,0.0,-0.42857142857142855,0.5454545454545454,0.0
-0.3272060223972283,0.09871176274603187,1.0,0.0,0.0,0.0,0.45454545454545453,0.0
-0.3272060223972283,0.7598792865129492,0.0,-0.11900421984452515,0.0,0.2857142857142857,-0.6363636363636364,0.0
0.19778310622916048,0.3032082371122286,1.0,1.0841028266128907,2.0,-0.42857142857142855,-1.0,0.0
-0.7002061889168545,1.5774562357650608,1.0,-3.8828510601497532,0.0,1.0,0.36363636363636365,0.0
-1.1339374628690366,0.061812109398387674,0.0,-0.18094119376184353,0.0,1.0,0.18181818181818182,0.0
-0.3272060223972283,0.09602514515207464,1.0,0.37317237215128934,1.0,-0.2857142857142857,-1.0,0.0
-0.7002061889168545,-0.09001337125686837,0.0,-0.11900421984452515,0.0,0.42857142857142855,-0.45454545454545453,0.0
-1.4679706441348583,0.07219841767967619,1.0,0.11305146292924435,0.0,0.5714285714285714,0.2727272727272727,0.0
-0.21362139389277127,-0.32819915582778225,0.0,-0.5189663710251802,0.0,-0.2857142857142857,-0.45454545454545453,0.0
-0.9813932620667003,-0.3671016414624395,0.0,-0.5189663710251802,-1.0,-0.14285714285714285,0.9090909090909091,-1.0
-0.7002061889168545,-0.0633298713961266,0.0,0.37317237215128934,1.0,0.2857142857142857,-0.36363636363636365,0.0
0.7933229216896874,0.5938317570303725,0.0,-5.147895080524487,0.0,0.2857142857142857,-0.5454545454545454,0.0
0.7933229216896874,-0.317024936059724,0.0,-0.18094119376184353,-1.0,2.2857142857142856,0.9090909090909091,-1.0
0.1976877883048038,0.7833734420662992,0.0,0.46938085463278284,1.0,0.8571428571428571,0.0,0.0
0.7933229216896874,-0.5731268452449214,1.0,-0.5189663710251802,0.0,-0.42857142857142855,-0.8181818181818182,0.0
-0.5699940570015389,-0.26084876832819454,1.0,-2.01409608874854,-1.0,0.0,-0.8181818181818182,-1.0
-0.44584025932124,-0.26420311594423873,0.0,-0.6697261000016845,-1.0,0.5714285714285714,0.2727272727272727,-1.0
0.55415974067876,1.0662148959930986,1.0,0.2726865787772108,0.0,0.2857142857142857,0.6363636363636364,0.0
-1.2957317076971666,-0.1378943616254415,0.0,-1.1937271237366847,-1.0,-0.2857142857142857,-1.0,-1.0
-1.2957317076971666,0.1763085218212344,1.0,-0.11900421984452515,0.0,1.7142857142857142,0.36363636363636365,0.0
-1.2957317076971666,0.9241149546404305,0.0,0.0,0.0,-0.2857142857142857,-0.45454545454545453,0.0
0.46942675728457767,0.5957130043961923,1.0,0.37317237215128934,0.0,-0.14285714285714285,-0.7272727272727273,0.0
0.38191524446814146,0.8098353210313733,1.0,-2.01409608874854,-1.0,-0.5714285714285714,-1.1818181818181819,-1.0
0.7933229216896874,-0.8537760130725116,0.0,0.32348777582934024,0.0,0.14285714285714285,0.7272727272727273,0.0
-0.3272060223972283,-0.5155825539962621,0.0,0.11305146292924435,0.0,-0.2857142857142857,-0.45454545454545453,0.0
-0.8370983802185354,0.769115167760345,0.0,-1.0052381495661724,0.0,0.42857142857142855,-0.45454545454545453,0.0
-0.3272060223972283,0.24947659582323511,0.0,0.606426336496869,1.0,-0.42857142857142855,-0.8181818181818182,0.0
0.38191524446814146,-0.04010435824174278,1.0,0.22071743639696217,0.0,-0.2857142857142857,0.36363636363636365,0.0
-0.10467399843822048,-0.10894551251245713,0.0,-0.3776354696174146,0.0,-0.42857142857142855,-1.0,0.0
-1.1339374628690366,0.2924747805694776,0.0,-0.5189663710251802,-1.0,-0.14285714285714285,-0.7272727272727273,-1.0
0.38191524446814146,0.017248496871912693,0.0,0.22071743639696217,1.0,0.0,0.45454545454545453,0.0
-0.3272060223972283,-0.16271711121937163,0.0,0.22071743639696217,1.0,-0.5714285714285714,-0.45454545454545453,0.0
-1.1339374628690366,0.6394536273220279,0.0,-3.8828510601497532,0.0,-0.14285714285714285,0.2727272727272727,0.0
-0.10467399843822048,0.5380686614244317,1.0,0.11305146292924435,0.0,0.2857142857142857,0.6363636363636364,0.0
-0.10467399843822048,0.5471342378964196,0.0,-0.7490520683738057,-1.0,-0.42857142857142855,0.45454545454545453,-1.0
-0.7002061889168545,0.10138585527076402,0.0,0.0,0.0,-0.14285714285714285,-0.45454545454545453,0.0
0.38191524446814146,0.8710961978092501,1.0,0.0,0.0,-0.14285714285714285,-0.6363636363636364,0.0
0.38191524446814146,-0.0005306123693664327,1.0,0.0,0.0,1.0,0.18181818181818182,0.0
0.1007232292538765,0.5687969225856421,0.0,-0.24462309878262187,0.0,0.14285714285714285,0.9090909090909091,0.0
0.19778310622916048,-0.39599366695721194,0.0,-0.11900421984452515,0.0,-0.14285714285714285,-0.45454545454545453,0.0
0.7933229216896874,0.35176037687161,1.0,-0.5189663710251802,0.0,1.5714285714285714,0.9090909090909091,0.0
0.38191524446814146,0.9110416817423809,1.0,0.693381600441056,1.0,-0.42857142857142855,-0.45454545454545453,0.0
-2.063485043751518,0.7219757970538808,0.0,1.8903872717173142,3.0,-0.42857142857142855,-0.8181818181818182,0.0
-0.10467399843822048,0.0005306123693664327,0.0,0.8178474275141694,1.0,-0.42857142857142855,0.0,0.0
-0.7002061889168545,0.8905186084876325,0.0,-0.5930896716640074,-1.0,0.42857142857142855,0.2727272727272727,-1.0
-0.7002061889168545,0.9757518144467412,0.0,-0.0587190970290531,0.0,0.5714285714285714,-0.45454545454545453,0.0
-1.2957317076971666,0.460347673491779,0.0,-0.5189663710251802,-1.0,0.7142857142857143,0.45454545454545453,-1.0
-0.10467399843822048,-0.7507671973443537,0.0,0.0,0.0,0.0,0.45454545454545453,0.0
0.19778310622916048,-0.9853063884776732,0.0,0.606426336496869,1.0,0.5714285714285714,-0.45454545454545453,0.0
0.2914367813509963,-1.028269165229357,1.0,0.16752537911954302,0.0,2.142857142857143,1.0,0.0
-0.10467399843822048,0.3288957446969003,0.0,1.3543415890899706,1.0,0.7142857142857143,-0.36363636363636365,0.0
-0.44584025932124,0.777657889217947,0.0,0.606426336496869,1.0,-0.42857142857142855,-0.45454545454545453,0.0
-0.7002061889168545,1.3427100131850693,1.0,-0.5189663710251802,0.0,-0.2857142857142857,-0.8181818181818182,0.0
0.0,-0.531443245836906,0.0,0.11305146292924435,0.0,1.1428571428571428,0.45454545454545453,0.0
0.9416319285866047,-0.6946712129927921,0.0,0.37317237215128934,0.0,3.0,1.0909090909090908,0.0
-0.10467399843822048,-0.6634712188701708,1.0,-6.714794576412461,0.0,0.42857142857142855,0.45454545454545453,0.0
-0.21373259780689863,0.09781762100975734,0.0,0.693381600441056,0.0,1.2857142857142858,0.09090909090909091,0.0
-2.063485043751518,-0.3855072358110404,0.0,-0.7490520683738057,-1.0,0.5714285714285714,0.36363636363636365,-1.0
-0.44584025932124,0.07685800307380754,0.0,0.0,0.0,0.0,0.45454545454545453,0.0
1.1497019389863385,-0.14879429641823447,1.0,-0.18094119376184353,0.0,0.0,1.0,0.0
0.7933229216896874,0.3917171556848759,0.0,0.37317237215128934,0.0,0.2857142857142857,-0.36363636363636365,0.0
0.0,0.3442396503705382,1.0,1.0479331248627939,1.0,0.5714285714285714,0.09090909090909091,0.0
1.0128062361792496,0.2847754460728065,1.0,0.2726865787772108,0.0,0.0,0.45454545454545453,0.0
-0.10467399843822048,-0.6057429169881633,0.0,-0.9165774474933477,-1.0,0.14285714285714285,-0.45454545454545453,-1.0
0.19778310622916048,0.08697776818377273,0.0,0.8178474275141694,1.0,-0.42857142857142855,0.18181818181818182,0.0
-0.44584025932124,0.3044578929609166,0.0,-0.7490520683738057,-1.0,1.5714285714285714,0.36363636363636365,-1.0
-0.10467399843822048,0.4091400594971014,1.0,0.0,0.0,0.0,0.6363636363636364,0.0
-0.7002061889168545,0.04831520885355764,0.0,-0.44719659286056584,0.0,-0.2857142857142857,-0.45454545454545453,0.0
-0.10467399843822048,-0.4801956282290259,0.0,0.22071743639696217,0.0,0.5714285714285714,0.2727272727272727,0.0
-0.7002061889168545,-0.6875897427063126,0.0,-0.9165774474933477,0.0,-0.5714285714285714,-1.0909090909090908,0.0
-0.10467399843822048,-0.8827027375665789,0.0,-5.147895080524487,0.0,0.42857142857142855,-0.45454545454545453,0.0
0.0,1.4858623838244147,0.0,0.7771155483683956,1.0,-0.42857142857142855,-0.36363636363636365,0.0
-0.7002061889168545,-0.006939526057058213,0.0,0.0,0.0,0.14285714285714285,0.18181818181818182,0.0
0.7933229216896874,-0.5906871495457737,1.0,-0.5189663710251802,-1.0,-0.42857142857142855,1.0,-1.0
-0.10467399843822048,-0.9794233440064323,0.0,-4.231317633031139,0.0,2.0,1.0,0.0
1.279917247989928,-0.2970876687157395,0.0,1.3543415890899706,1.0,2.857142857142857,1.0,0.0
0.8684333162170881,-0.4331535563153737,1.0,0.11305146292924435,0.0,-0.2857142857142857,0.5454545454545454,0.0
-0.7002061889168545,-0.34926833542349495,0.0,-0.5189663710251802,0.0,0.0,-0.8181818181818182,0.0
0.1007232292538765,0.5620650118788534,0.0,-0.11900421984452515,0.0,0.0,-0.5454545454545454,0.0
-0.5699940570015389,0.16208650876677955,1.0,-0.11900421984452515,0.0,1.7142857142857142,0.2727272727272727,0.0
-0.8370983802185354,0.15159122159016578,0.0,-0.7490520683738057,-1.0,0.5714285714285714,0.45454545454545453,-1.0
1.1497019389863385,-0.1543229349567267,0.0,0.9358163562335279,1.0,1.2857142857142858,0.7272727272727273,0.0
0.3730041830011812,-0.5731268452449214,0.0,-0.5189663710251802,-1.0,2.142857142857143,0.8181818181818182,-1.0
0.636285217605048,0.7898365167292134,1.0,0.11305146292924435,0.0,2.5714285714285716,1.0,0.0
-0.9813932620667003,-0.33959539442597,1.0,-0.18094119376184353,0.0,-0.14285714285714285,0.18181818181818182,0.0
0.0,-0.7914645318378476,0.0,-0.11900421984452515,0.0,-0.14285714285714285,-0.8181818181818182,0.0
0.38191524446814146,-0.04697380331320067,1.0,-0.3776354696174146,-1.0,0.5714285714285714,0.5454545454545454,-1.0
0.38191524446814146,0.7542085353552906,1.0,0.0,0.0,0.14285714285714285,-0.7272727272727273,0.0
-0.10467399843822048,0.6313920148933916,0.0,0.9358163562335279,2.0,0.0,-0.8181818181818182,0.0
0.38191524446814146,-0.33768022801346026,0.0,0.11305146292924435,0.0,-0.2857142857142857,0.5454545454545454,0.0
-0.3272060223972283,-0.05860892451840642,0.0,0.37317237215128934,1.0,1.0,0.36363636363636365,0.0
-0.7002061889168545,0.5644500124363254,0.0,-0.44719659286056584,0.0,-0.2857142857142857,-0.45454545454545453,0.0
-0.7002061889168545,0.5038397567784093,0.0,-4.231317633031139,0.0,1.4285714285714286,0.36363636363636365,0.0
-0.7002061889168545,-0.4286547739776465,1.0,0.11305146292924435,0.0,0.0,-0.36363636363636365,0.0
1.3427174804546107,-0.7789493050011723,0.0,0.606426336496869,1.0,-0.14285714285714285,0.45454545454545453,0.0
-0.10467399843822048,-0.4925847018123873,0.0,0.8178474275141694,1.0,-0.42857142857142855,-0.18181818181818182,0.0
0.38191524446814146,-0.14468250957995132,0.0,1.1892640262705585,2.0,-0.14285714285714285,-0.36363636363636365,0.0
0.4260296589234876,0.5347362377727538,0.0,-5.798217128919112,0.0,1.8571428571428572,0.7272727272727273,0.0
1.1497019389863385,-0.7127670925349112,1.0,0.11305146292924435,1.0,0.0,-0.8181818181818182,0.0
-1.2957317076971666,-0.1784329383521688,0.0,-0.5189663710251802,-1.0,0.42857142857142855,0.18181818181818182,-1.0
0.7933229216896874,0.750492253479489,1.0,0.05723237673061794,1.0,-0.2857142857142857,-0.9090909090909091,0.0
0.9416319285866047,-0.5368291239776991,1.0,0.8578583504642956,1.0,-0.2857142857142857,0.36363636363636365,0.0
1.464051504320956,-0.32072554120324454,1.0,1.3543415890899706,2.0,-0.2857142857142857,0.0,0.0
-0.3272060223972283,0.233455382388712,1.0,0.11305146292924435,0.0,-0.2857142857142857,0.9090909090909091,0.0
0.1007232292538765,-0.5560882120275993,0.0,0.0,0.0,0.42857142857142855,-0.36363636363636365,0.0
0.19778310622916048,-1.0678429111017333,0.0,-3.8828510601497532,0.0,0.42857142857142855,-0.45454545454545453,0.0
1.0128062361792496,-0.33959539442597,1.0,-0.0587190970290531,0.0,2.0,0.9090909090909091,0.0
-0.3272060223972283,-0.43768790251879536,0.0,-0.6697261000016845,-1.0,1.2857142857142858,0.6363636363636364,-1.0
-0.7002061889168545,0.7134734864759984,0.0,0.0,0.0,-0.14285714285714285,0.0,0.0
-0.10467399843822048,0.10845641392432404,0.0,0.8578583504642956,1.0,0.0,-0.45454545454545453,0.0
-0.7002061889168545,-0.4331535563153737,0.0,-1.0052381495661724,0.0,-0.14285714285714285,-0.45454545454545453,0.0
0.55415974067876,-0.5208208717518142,0.0,-0.0587190970290531,0.0,0.7142857142857143,0.36363636363636365,0.0
0.19778310622916048,0.7146958456123741,1.0,-0.5189663710251802,0.0,-0.5714285714285714,-0.8181818181818182,0.0
-0.7002061889168545,-0.398114156646419,0.0,-1.0052381495661724,0.0,0.0,-0.45454545454545453,0.0
-0.10467399843822048,-0.5877228442006206,0.0,0.32348777582934024,1.0,-0.42857142857142855,-0.8181818181818182,0.0
-0.10467399843822048,-1.4519295548339555,0.0,0.42178839925821415,1.0,-0.14285714285714285,-0.8181818181818182,0.0
0.55415974067876,0.5896711651750755,0.0,0.11305146292924435,0.0,1.7142857142857142,1.0,0.0
0.0,0.7225783095122935,0.0,0.693381600441056,1.0,-0.5714285714285714,-0.36363636363636365,0.0
1.745247473311955,-0.5731268452449214,1.0,0.0,0.0,1.5714285714285714,1.0,0.0
-0.10467399843822048,-0.293536005308211,0.0,1.3222763971053533,1.0,-0.42857142857142855,-0.45454545454545453,0.0
-0.10467399843822048,0.2637238427171992,1.0,0.5159919520009286,1.0,-0.14285714285714285,-0.8181818181818182,0.0
-0.5699940570015389,0.5475429246309641,0.0,0.22071743639696217,1.0,-0.14285714285714285,-0.45454545454545453,0.0
0.55415974067876,-0.9290267901139586,1.0,-0.6697261000016845,-1.0,2.5714285714285716,0.9090909090909091,-1.0
-1.1339374628690366,0.7567673134618521,0.0,-0.9165774474933477,-1.0,0.14285714285714285,0.2727272727272727,-1.0
-0.8370983802185354,0.3949245739641331,0.0,-0.9165774474933477,-1.0,0.14285714285714285,0.2727272727272727,-1.0
0.7933229216896874,-0.30425765967181384,1.0,-5.798217128919112,2.0,-0.42857142857142855,-0.45454545454545453,0.0
0.55415974067876,-0.47531396635791245,0.0,-0.18094119376184353,0.0,-0.5714285714285714,-0.8181818181818182,0.0
-0.10467399843822048,-0.43996858865542743,0.0,-0.44719659286056584,0.0,-0.42857142857142855,-0.8181818181818182,0.0
0.19778310622916048,0.29565258264593086,0.0,0.37317237215128934,1.0,-0.14285714285714285,-0.8181818181818182,0.0
1.464051504320956,-0.08138776799585846,1.0,1.3222763971053533,2.0,-0.42857142857142855,0.18181818181818182,0.0
-0.10467399843822048,0.7598792865129492,0.0,0.7771155483683956,1.0,0.5714285714285714,-0.36363636363636365,0.0
0.19778310622916048,0.7359701662316002,1.0,-0.11900421984452515,0.0,0.7142857142857143,0.0,0.0
0.7159588912177434,-1.0610547631472234,1.0,0.0,0.0,-0.14285714285714285,-0.18181818181818182,0.0
0.636285217605048,-1.1724210624399414,1.0,0.11305146292924435,0.0,0.14285714285714285,-0.36363636363636365,0.0
0.38191524446814146,-0.2675771951303082,0.0,-0.18094119376184353,0.0,1.1428571428571428,0.5454545454545454,0.0
0.38191524446814146,0.029474717643328947,1.0,1.7876169322849351,2.0,-0.2857142857142857,0.2727272727272727,0.0
0.38191524446814146,-1.5866316203919528,1.0,0.11305146292924435,-1.0,0.5714285714285714,0.5454545454545454,-1.0
-0.10467399843822048,-0.9972566500453774,0.0,0.37317237215128934,0.0,0.0,-0.36363636363636365,0.0
-0.3272060223972283,0.8614872850029506,0.0,0.693381600441056,1.0,-0.42857142857142855,-0.45454545454545453,0.0
0.38191524446814146,-0.02217815531901454,0.0,-0.831263242156469,-1.0,-0.14285714285714285,1.0,-1.0
-0.7002061889168545,0.00370255671625704,0.0,0.11305146292924435,0.0,0.0,-0.45454545454545453,0.0
0.38191524446814146,-0.5181957330384684,1.0,0.0,0.0,1.7142857142857142,1.0,0.0
0.7933229216896874,0.769115167760345,1.0,1.624131872618591,2.0,2.142857142857143,0.7272727272727273,0.0
0.38191524446814146,0.0814800410382422,0.0,-0.31015111099647874,0.0,-0.42857142857142855,-0.8181818181818182,0.0
-0.10467399843822048,1.5910635507181452,0.0,0.37317237215128934,0.0,0.8571428571428571,0.2727272727272727,0.0
-0.10467399843822048,0.029474717643328947,1.0,-0.3776354696174146,0.0,-0.2857142857142857,0.36363636363636365,0.0
0.7933229216896874,-0.9621278083354388,0.0,0.11305146292924435,1.0,0.7142857142857143,0.7272727272727273,0.0
-0.8370983802185354,0.007904713295714566,1.0,0.32348777582934024,0.0,-0.5714285714285714,-0.45454545454545453,0.0
1.0128062361792496,-0.33959539442597,0.0,1.0111752721708358,2.0,-0.2857142857142857,-0.8181818181818182,0.0
-0.7002061889168545,0.5676146649200944,0.0,-0.0587190970290531,0.0,1.2857142857142858,0.36363636363636365,0.0
0.38191524446814146,-0.872897510634965,1.0,-1.2942129171107624,-1.0,1.0,0.9090909090909091,-1.0
-0.10467399843822048,-0.902830831130566,1.0,-0.3776354696174146,0.0,0.5714285714285714,0.45454545454545453,0.0
-0.44584025932124,0.6784702174364955,0.0,-5.147895080524487,0.0,-0.42857142857142855,-0.8181818181818182,0.0
-1.1339374628690366,-0.36109538964292853,0.0,-0.11900421984452515,0.0,-0.2857142857142857,0.2727272727272727,0.0
1.464051504320956,-0.45384648676170297,1.0,-0.18094119376184353,0.0,1.4285714285714286,0.8181818181818182,0.0
0.2914367813509963,-1.0747123561731906,0.0,0.606426336496869,1.0,-0.42857142857142855,-0.45454545454545453,0.0
0.7933229216896874,1.4880862263517696,0.0,-0.0587190970290531,0.0,1.5714285714285714,0.6363636363636364,0.0
0.38191524446814146,0.08331847789306056,0.0,0.37317237215128934,1.0,-0.42857142857142855,-0.8181818181818182,0.0
2.2318456122275006,1.0070292634081357,0.0,1.0111752721708358,1.0,2.0,0.9090909090909091,0.0
-0.10467399843822048,-0.27438548642936744,0.0,0.6503220483946264,1.0,0.0,-0.45454545454545453,0.0
1.1497019389863385,-0.24926066091815985,0.0,0.606426336496869,1.0,-0.5714285714285714,-0.8181818181818182,0.0
-0.44584025932124,-1.5228335072901067,0.0,0.37317237215128934,0.0,-0.42857142857142855,-0.36363636363636365,0.0
1.1497019389863385,-0.531443245836906,1.0,0.11305146292924435,0.0,2.4285714285714284,0.9090909090909091,0.0
-0.3272060223972283,-0.3855072358110404,0.0,0.8578583504642956,1.0,0.7142857142857143,0.2727272727272727,0.0
0.2914367813509963,-0.7429631067871839,0.0,1.1547510179858091,2.0,-0.14285714285714285,-0.8181818181818182,0.0
0.7933229216896874,0.1878966292312691,0.0,1.0111752721708358,1.0,0.7142857142857143,0.09090909090909091,0.0
1.0128062361792496,-0.10510876370757496,0.0,1.0111752721708358,1.0,0.14285714285714285,-0.36363636363636365,0.0
1.6362978538690112,-0.9453385568407965,0.0,0.9738098242239656,1.0,0.7142857142857143,1.0,0.0
-0.10467399843822048,-0.8777791725060785,0.0,-0.18094119376184353,0.0,-0.14285714285714285,-0.8181818181818182,0.0
0.7933229216896874,-0.43996858865542743,0.0,-0.5189663710251802,-1.0,0.5714285714285714,0.9090909090909091,-1.0
0.7933229216896874,-0.5996731057683249,0.0,1.289749819644638,1.0,1.1428571428571428,0.5454545454545454,0.0
1.1497019389863385,-0.4110044026580541,0.0,0.8178474275141694,1.0,1.2857142857142858,0.6363636363636364,0.0
-0.44584025932124,-0.32445017641862467,0.0,-0.7490520683738057,-1.0,0.8571428571428571,0.2727272727272727,-1.0
0.2914367813509963,-0.20058209200948843,1.0,-0.11900421984452515,0.0,0.0,0.0,0.0
-0.10467399843822048,1.3747858993459472,1.0,0.9358163562335279,2.0,0.0,-0.8181818181818182,0.0
1.9996206813745259,-1.1103506368119638,1.0,1.9153660687693597,2.0,0.42857142857142855,0.2727272727272727,0.0
0.38191524446814146,-0.24762416392314107,1.0,-0.9165774474933477,0.0,0.2857142857142857,0.9090909090909091,0.0
-0.44584025932124,0.43357357312418865,0.0,0.0,0.0,0.0,0.45454545454545453,0.0
0.38191524446814146,-1.0543460105569031,0.0,0.37317237215128934,0.0,0.5714285714285714,1.0,0.0
0.7933229216896874,-0.684081524995276,1.0,0.606426336496869,0.0,-0.14285714285714285,-0.9090909090909091,0.0
-0.3272060223972283,-1.1890480761149003,1.0,-0.7490520683738057,-1.0,-0.14285714285714285,0.45454545454545453,-1.0
-0.3272060223972283,-0.16838226154404373,1.0,0.16752537911954302,-1.0,-0.5714285714285714,-0.8181818181818182,-1.0
-0.10467399843822048,0.31924518169660254,0.0,0.32348777582934024,1.0,-0.14285714285714285,-0.8181818181818182,0.0
-0.8370983802185354,-0.03444200418674549,0.0,-1.0052381495661724,0.0,-0.2857142857142857,-0.45454545454545453,0.0
-0.8370983802185354,0.5520193644381258,0.0,0.11305146292924435,0.0,-0.5714285714285714,-1.0909090909090908,0.0
0.0,-0.4422583793516688,0.0,-0.11900421984452515,0.0,-0.42857142857142855,0.7272727272727273,0.0
-0.10467399843822048,-0.4976162411607405,1.0,0.606426336496869,1.0,0.0,-0.45454545454545453,0.0
0.38191524446814146,-0.41976169959606713,0.0,-3.8828510601497532,1.0,0.0,-0.8181818181818182,0.0
0.1007232292538765,-0.5847737795672344,0.0,-0.24462309878262187,-1.0,-0.42857142857142855,-1.0,-1.0
1.745247473311955,0.6636478989293739,1.0,0.42178839925821415,0.0,0.8571428571428571,0.8181818181818182,0.0
0.55415974067876,-0.10129750843844941,1.0,0.693381600441056,1.0,-0.2857142857142857,-0.36363636363636365,0.0
0.7933229216896874,-0.766701327736748,0.0,0.0,0.0,0.42857142857142855,0.9090909090909091,0.0
0.8685074526746561,-1.5228335072901067,1.0,0.0,-1.0,1.0,0.36363636363636365,-1.0
1.0128062361792496,-0.5532970055091299,1.0,1.7611773544826792,2.0,1.1428571428571428,0.36363636363636365,0.0
0.38191524446814146,0.7638157163289351,1.0,0.11305146292924435,0.0,1.8571428571428572,0.45454545454545453,0.0
0.38191524446814146,-1.2420326557891035,1.0,-0.6697261000016845,-1.0,1.5714285714285714,0.9090909090909091,-1.0
0.7933229216896874,-0.6875897427063126,1.0,-0.0587190970290531,-1.0,1.0,0.36363636363636365,-1.0
-0.9813932620667003,0.3787050632983451,0.0,-1.1937271237366847,0.0,0.0,-0.45454545454545453,0.0
-0.9813932620667003,-0.04238504437837487,0.0,-1.2942129171107624,-1.0,-0.14285714285714285,-0.7272727272727273,-1.0
-1.1339374628690366,-0.6403260463290802,0.0,-0.31015111099647874,-1.0,1.4285714285714286,0.36363636363636365,-1.0
0.2914367813509963,1.1503655884527828,0.0,0.37317237215128934,1.0,-0.5714285714285714,-0.8181818181818182,0.0
-0.10467399843822048,-0.06928622614217202,0.0,0.693381600441056,1.0,0.2857142857142857,-0.45454545454545453,0.0
-1.4679706441348583,0.05510335680806746,0.0,0.0,0.0,-0.42857142857142855,0.18181818181818182,0.0
2.2318456122275006,1.212824078276092,0.0,1.2232580222393352,1.0,0.8571428571428571,0.45454545454545453,0.0
-0.44584025932124,-0.1945915225950764,0.0,0.2726865787772108,1.0,-0.2857142857142857,0.2727272727272727,0.0
0.38191524446814146,-1.3888339425029188,0.0,-0.0587190970290531,0.0,0.14285714285714285,-0.36363636363636365,0.0
0.14852951293155037,-1.677869826120684,0.0,0.22071743639696217,0.0,2.142857142857143,0.7272727272727273,0.0
1.1497019389863385,-0.35318365306730115,0.0,0.22071743639696217,0.0,0.14285714285714285,1.0,0.0
-0.10467399843822048,-0.4515100606893912,0.0,0.11305146292924435,0.0,-0.14285714285714285,-0.36363636363636365,0.0
2.2318456122275006,0.14338519024736512,0.0,1.652213701224854,2.0,0.14285714285714285,0.18181818181818182,0.0
-1.4679706441348583,-0.07048495553910523,0.0,-0.5189663710251802,0.0,1.1428571428571428,0.36363636363636365,0.0
0.0,0.64740350545485,0.0,0.7356362537315051,1.0,-0.14285714285714285,-0.45454545454545453,0.0
1.745247473311955,-0.8129498828430624,0.0,2.3644727235367964,2.0,-0.42857142857142855,-1.0909090909090908,0.0
1.691328556242669,-0.7239051475031301,0.0,1.289749819644638,2.0,0.5714285714285714,-0.45454545454545453,0.0
-1.2957317076971666,0.3884917012192893,0.0,-6.714794576412461,-1.0,0.14285714285714285,0.2727272727272727,-1.0
-1.1339374628690366,1.1613992606059877,0.0,-0.0587190970290531,0.0,0.5714285714285714,0.09090909090909091,0.0
-0.7002061889168545,-0.08630078996143686,0.0,-0.44719659286056584,0.0,0.0,-0.8181818181818182,0.0
-1.4679706441348583,-0.5505193157822077,0.0,-0.0587190970290531,0.0,-0.5714285714285714,0.2727272727272727,0.0
-2.063485043751518,1.2256175362032422,0.0,-1.399374116768431,-1.0,0.0,-0.8181818181818182,-1.0
0.38191524446814146,-0.025496921420350992,0.0,0.37317237215128934,0.0,1.0,0.18181818181818182,0.0
-0.7002061889168545,0.4117343280880441,0.0,1.1547510179858091,1.0,-0.42857142857142855,0.2727272727272727,0.0
-0.5699940570015389,-0.14879429641823447,0.0,0.0,0.0,0.2857142857142857,0.18181818181818182,0.0
0.19778310622916048,-0.229924274598798,0.0,0.42178839925821415,1.0,-0.14285714285714285,-0.8181818181818182,0.0
-1.8498722031561299,1.071810958015931,0.0,-0.831263242156469,-1.0,1.4285714285714286,0.36363636363636365,-1.0
-0.44584025932124,1.4570604994851493,0.0,0.0,0.0,0.5714285714285714,-0.45454545454545453,0.0
4.295426457423143,1.078163452449386,0.0,2.3644727235367964,2.0,1.2857142857142858,0.8181818181818182,0.0
-0.21362139389277127,0.2177003098104704,0.0,-3.580995584636514,0.0,-0.5714285714285714,-0.36363636363636365,0.0
0.38191524446814146,0.20075288361009486,0.0,0.5159919520009286,1.0,0.0,-0.45454545454545453,0.0
-0.7002061889168545,-0.6180787001169252,0.0,-0.0587190970290531,0.0,0.14285714285714285,0.2727272727272727,0.0
-0.3272060223972283,-0.7830907800880925,0.0,0.11305146292924435,0.0,-0.5714285714285714,-0.45454545454545453,0.0
-0.21362139389277127,-1.4009100055422685,0.0,1.0479331248627939,1.0,0.5714285714285714,-0.45454545454545453,0.0
0.19778310622916048,-0.5760164826292213,0.0,0.37317237215128934,1.0,-0.14285714285714285,-0.8181818181818182,0.0
0.7933229216896874,0.4449224264137532,0.0,0.2726865787772108,0.0,1.7142857142857142,0.9090909090909091,0.0
1.464051504320956,0.9219921105901643,0.0,1.652213701224854,2.0,-0.14285714285714285,-0.9090909090909091,0.0
-0.10467399843822048,0.3013286336574814,0.0,-0.18094119376184353,0.0,1.0,0.0,0.0
-0.10467399843822048,0.37595665455325045,0.0,0.05723237673061794,0.0,0.14285714285714285,-0.6363636363636364,0.0
-0.7002061889168545,1.4313046426371892,0.0,0.0,0.0,0.14285714285714285,0.2727272727272727,0.0
1.464051504320956,0.013114483966926754,0.0,0.37317237215128934,0.0,1.2857142857142858,0.2727272727272727,0.0
2.643259643795782,-0.1798832344665822,0.0,1.0111752721708358,0.0,1.8571428571428572,0.45454545454545453,0.0
2.643259643795782,1.48776906194907,0.0,1.652213701224854,1.0,2.0,0.8181818181818182,0.0
-0.10467399843822048,1.1440465361766794,0.0,0.22071743639696217,0.0,0.8571428571428571,0.9090909090909091,0.0
-0.10467399843822048,1.2474923682291168,0.0,-1.0975186412551912,-1.0,0.8571428571428571,1.0,-1.0
-0.10467399843822048,-0.1141014286454715,0.0,0.5159919520009286,1.0,0.42857142857142855,-0.45454545454545453,0.0
-0.9813932620667003,-0.5261074696140958,0.0,-0.7490520683738057,-1.0,-0.2857142857142857,-0.8181818181818182,-1.0
1.1497019389863385,-0.32445017641862467,0.0,1.9153660687693597,2.0,0.8571428571428571,0.45454545454545453,0.0
0.38191524446814146,1.2079358475945885,0.0,1.289749819644638,2.0,-0.2857142857142857,-0.45454545454545453,0.0
0.38191524446814146,-1.1975458879511494,0.0,0.0,0.0,1.0,0.7272727272727273,0.0
0.38191524446814146,0.15240540456245139,0.0,-0.18094119376184353,1.0,0.2857142857142857,1.0,0.0
-0.7002061889168545,0.2975508473933646,0.0,-0.44719659286056584,0.0,-0.42857142857142855,-0.8181818181818182,0.0
0.38191524446814146,0.14006962143368895,0.0,0.8578583504642956,1.0,0.7142857142857143,0.45454545454545453,0.0
5.0114046705656214,0.47304764190748466,0.0,2.1510541435388717,2.0,2.2857142857142856,0.8181818181818182,0.0
-0.5699940570015389,0.9550493990156355,0.0,-0.7490520683738057,-1.0,0.7142857142857143,0.45454545454545453,-1.0
-0.10467399843822048,0.3180273642377185,0.0,-0.5189663710251802,0.0,-0.14285714285714285,-0.45454545454545453,0.0
0.7933229216896874,-1.3770068882834852,0.0,1.0479331248627939,2.0,0.14285714285714285,-0.45454545454545453,0.0
0.7933229216896874,0.4454107975012954,0.0,-0.18094119376184353,-1.0,0.5714285714285714,0.9090909090909091,-1.0
0.19778310622916048,0.0805586082173286,0.0,0.8178474275141694,2.0,0.0,-0.36363636363636365,0.0
-0.44584025932124,0.422503913980113,0.0,-0.9165774474933477,-1.0,0.42857142857142855,0.0,-1.0
-0.10467399843822048,-0.7507671973443537,0.0,0.22071743639696217,1.0,-0.42857142857142855,-0.8181818181818182,0.0
-0.44584025932124,0.23697652179295203,0.0,0.0,0.0,-0.14285714285714285,0.36363636363636365,0.0
1.745247473311955,0.6024348603185369,0.0,0.37317237215128934,1.0,-0.14285714285714285,0.6363636363636364,0.0
2.643259643795782,0.5979623869168225,0.0,0.606426336496869,0.0,2.2857142857142856,0.9090909090909091,0.0
-0.7002061889168545,-0.33768022801346026,0.0,-0.31015111099647874,0.0,0.0,-0.8181818181818182,0.0
-0.9815415329225801,0.3442396503705382,0.0,-0.18094119376184353,0.0,-0.42857142857142855,-0.8181818181818182,0.0
-0.21362139389277127,-0.19161953766808004,0.0,-3.3147401855377905,0.0,0.5714285714285714,-0.36363636363636365,0.0
1.1497019389863385,0.2277762091858937,0.0,1.1892640262705585,1.0,0.14285714285714285,0.5454545454545454,0.0
-0.9813932620667003,0.3879523576838596,0.0,-1.0052381495661724,-1.0,0.0,0.36363636363636365,-1.0
-0.21362139389277127,0.314358320974694,0.0,1.0111752721708358,1.0,-0.5714285714285714,-0.36363636363636365,0.0
0.38191524446814146,0.37374840617549715,0.0,0.606426336496869,1.0,-0.2857142857142857,-0.8181818181818182,0.0
-1.1339374628690366,0.3534820144052541,0.0,0.9358163562335279,1.0,0.42857142857142855,0.2727272727272727,0.0
0.7933229216896874,1.7939311307814914,0.0,0.37317237215128934,-1.0,0.0,0.45454545454545453,-1.0
-0.7002061889168545,-0.05043962538449202,0.0,-0.3776354696174146,0.0,-0.2857142857142857,-0.45454545454545453,0.0
-0.10467399843822048,0.13589802626339134,0.0,0.11305146292924435,0.0,0.2857142857142857,0.2727272727272727,0.0
-0.7002061889168545,0.34887944762257467,0.0,0.5159919520009286,1.0,-0.42857142857142855,-0.8181818181818182,0.0
-0.10467399843822048,0.5994570895415788,0.0,0.606426336496869,1.0,-0.14285714285714285,0.0,0.0
-0.10467399843822048,0.5540426180620864,0.0,0.693381600441056,1.0,0.42857142857142855,-0.36363636363636365,0.0
0.38191524446814146,-0.06689625681917613,0.0,1.0111752721708358,1.0,-0.14285714285714285,-0.8181818181818182,0.0
0.19778310622916048,-0.6946712129927921,0.0,-0.3776354696174146,0.0,-0.2857142857142857,-0.8181818181818182,0.0
-0.3272060223972283,0.12661230487891423,0.0,-0.9165774474933477,-1.0,-0.14285714285714285,0.36363636363636365,-1.0
-0.10467399843822048,0.5923223040338245,0.0,0.5159919520009286,1.0,-0.14285714285714285,-0.8181818181818182,0.0
0.38191524446814146,0.5301223116992494,0.0,-0.24462309878262187,0.0,0.0,-0.8181818181818182,0.0
0.7933229216896874,-0.9972566500453774,0.0,1.4782387938151493,1.0,-0.42857142857142855,0.2727272727272727,0.0
0.7933229216896874,-0.8262383182546991,0.0,0.37317237215128934,1.0,0.5714285714285714,0.36363636363636365,0.0
0.1007232292538765,-0.7127670925349112,0.0,0.37317237215128934,1.0,0.0,-0.8181818181818182,0.0
0.19778310622916048,-0.684081524995276,0.0,-0.5189663710251802,-1.0,0.8571428571428571,1.0,-1.0
-0.10467399843822048,0.5007452269961992,0.0,-5.147895080524487,1.0,-0.2857142857142857,-0.8181818181818182,0.0
-0.7002061889168545,-0.5617117061653932,0.0,-1.0052381495661724,0.0,-0.5714285714285714,-1.1818181818181819,0.0
-0.7002061889168545,-0.08630078996143686,0.0,0.22071743639696217,0.0,-0.5714285714285714,0.36363636363636365,0.0
-0.7002061889168545,-0.5731268452449214,0.0,-0.11900421984452515,0.0,1.5714285714285714,0.36363636363636365,0.0
-0.7002061889168545,-1.0156622443939778,0.0,0.22071743639696217,0.0,0.0,0.45454545454545453,0.0
-0.10467399843822048,-0.44686556723499843,0.0,-0.11900421984452515,0.0,-0.14285714285714285,-0.45454545454545453,0.0
0.38191524446814146,-0.17123595801565578,0.0,1.3543415890899706,2.0,-0.2857142857142857,-0.8181818181818182,0.0
1.464051504320956,0.14338519024736512,0.0,0.8178474275141694,1.0,0.2857142857142857,0.7272727272727273,0.0
-0.7002061889168545,-0.5368291239776991,0.0,-5.147895080524487,0.0,-0.2857142857142857,-0.9090909090909091,0.0
0.7933229216896874,-1.5700046067169942,0.0,0.2726865787772108,0.0,1.7142857142857142,1.0,0.0
1.464051504320956,0.9857342531405789,0.0,1.289749819644638,1.0,1.8571428571428572,0.6363636363636364,0.0
1.464051504320956,-1.3770068882834852,0.0,1.8651293761857124,1.0,-0.14285714285714285,-0.2727272727272727,0.0
0.19778310622916048,0.5297010176607231,0.0,-3.076566615045329,2.0,-0.5714285714285714,-0.45454545454545453,0.0
3.313996698959971,-0.398114156646419,0.0,1.5956968042065822,2.0,1.2857142857142858,0.6363636363636364,0.0
0.7933229216896874,-1.0219310697166633,0.0,-3.8828510601497532,0.0,0.0,1.0909090909090908,0.0
-0.7002061889168545,0.5600699079276916,0.0,0.9358163562335279,1.0,0.42857142857142855,0.36363636363636365,0.0
0.38191524446814146,-0.14468250957995132,0.0,-0.18094119376184353,0.0,-0.5714285714285714,-0.45454545454545453,0.0
0.636285217605048,0.9679530293491825,0.0,0.37317237215128934,0.0,0.0,0.9090909090909091,0.0
-0.44584025932124,-0.4704735004366619,0.0,-0.5930896716640074,0.0,-0.14285714285714285,0.36363636363636365,0.0
0.19778310622916048,0.5011883261357837,0.0,0.8178474275141694,1.0,1.1428571428571428,0.45454545454545453,0.0
0.19778310622916048,-0.38967883098133804,0.0,-0.5189663710251802,0.0,1.0,0.7272727272727273,0.0
1.1497019389863385,0.12234131114969041,0.0,1.652213701224854,2.0,-0.42857142857142855,-1.0909090909090908,0.0
-0.10467399843822048,-0.35318365306730115,0.0,-4.6434661109333035,1.0,-0.14285714285714285,-0.45454545454545453,0.0
2.445472138427667,-1.0747123561731906,0.0,1.652213701224854,1.0,1.4285714285714286,1.0,0.0
1.279917247989928,1.0473848690814735,0.0,0.8178474275141694,1.0,-0.42857142857142855,0.6363636363636364,0.0
-0.10467399843822048,0.34772301213474965,0.0,0.8578583504642956,1.0,0.2857142857142857,-0.45454545454545453,0.0
-0.10467399843822048,-1.2513595573495642,0.0,-0.5930896716640074,-1.0,1.0,0.18181818181818182,-1.0
0.1007232292538765,-0.05978552351080804,0.0,0.11305146292924435,0.0,0.5714285714285714,1.0,0.0
-0.44584025932124,0.16048429597174518,0.0,0.7771155483683956,1.0,-0.5714285714285714,-0.36363636363636365,0.0
-0.5699940570015389,-0.012335537702099218,0.0,0.606426336496869,0.0,-0.14285714285714285,-0.36363636363636365,0.0
0.7933229216896874,0.13169586968393382,0.0,0.5159919520009286,1.0,1.4285714285714286,0.45454545454545453,0.0
0.0,-0.47288862740542625,0.0,0.8178474275141694,1.0,0.42857142857142855,-0.18181818181818182,0.0
-0.21362139389277127,0.22419795798279288,0.0,0.11305146292924435,0.0,0.5714285714285714,-0.45454545454545453,0.0
-0.10467399843822048,-0.4241910019739653,0.0,-0.9165774474933477,-1.0,0.0,0.0,-1.0
0.0,-1.2420326557891035,0.0,0.22071743639696217,0.0,-0.5714285714285714,0.2727272727272727,0.0
2.2318456122275006,-0.47288862740542625,0.0,1.6799509588172183,2.0,-0.2857142857142857,0.18181818181818182,0.0
1.1497019389863385,0.06276412921472642,0.0,-5.147895080524487,1.0,0.8571428571428571,0.7272727272727273,0.0
1.464051504320956,-0.07773042208086035,0.0,1.1892640262705585,1.0,0.7142857142857143,0.7272727272727273,0.0
2.643259643795782,-0.2591789220027981,0.0,1.3859583021261306,2.0,0.8571428571428571,0.7272727272727273,0.0
-0.10467399843822048,0.10669692847207209,0.0,0.11305146292924435,1.0,-0.2857142857142857,-0.9090909090909091,0.0
0.38191524446814146,-0.44686556723499843,0.0,0.606426336496869,2.0,-0.2857142857142857,-1.0,0.0
0.9416319285866047,-1.4792486135493812,0.0,1.1197029030274073,2.0,-0.14285714285714285,-0.45454545454545453,0.0
-0.7002061889168545,0.07126194105097507,0.0,-0.0587190970290531,0.0,-0.42857142857142855,-0.8181818181818182,0.0
1.464051504320956,0.04243216438231729,0.0,0.693381600441056,0.0,1.2857142857142858,0.18181818181818182,0.0
-0.3272060223972283,-0.311518412415754,0.0,0.11305146292924435,0.0,0.2857142857142857,0.0,0.0
-0.5699940570015389,0.6941860445692927,0.0,0.5159919520009286,1.0,0.14285714285714285,-0.45454545454545453,0.0
0.33705940158884856,-0.9184044160288668,0.0,-0.5189663710251802,-1.0,1.0,1.0,-1.0
0.7933229216896874,0.04831520885355764,0.0,0.5159919520009286,1.0,-0.42857142857142855,-0.8181818181818182,0.0
-0.8370983802185354,0.4325760219029012,0.0,0.46938085463278284,1.0,-0.2857142857142857,-0.8181818181818182,0.0
0.1007232292538765,1.3055822915212323,0.0,0.42178839925821415,0.0,0.0,-0.45454545454545453,0.0
0.9416319285866047,-0.38343276046606106,0.0,-3.076566615045329,2.0,0.8571428571428571,0.18181818181818182,0.0
0.38191524446814146,-0.6736838056985464,0.0,0.37317237215128934,1.0,0.0,0.18181818181818182,0.0
1.745247473311955,0.3631415400903071,0.0,0.693381600441056,0.0,1.0,0.36363636363636365,0.0
0.24502071218287805,-0.7999623436740968,0.0,-0.5930896716640074,-1.0,-0.2857142857142857,1.0,-1.0
-0.44596157245235357,1.033195750919046,0.0,0.606426336496869,2.0,0.0,-0.8181818181818182,0.0
-0.10467399843822048,1.464542237834072,0.0,-0.0587190970290531,0.0,0.2857142857142857,-0.45454545454545453,0.0
0.636285217605048,-0.5673908793682114,0.0,0.11305146292924435,0.0,0.0,-0.36363636363636365,0.0
1.1497019389863385,-1.1724210624399414,0.0,0.32348777582934024,0.0,0.14285714285714285,1.0,0.0
0.0,-0.2459923226868868,0.0,0.693381600441056,1.0,-0.5714285714285714,-0.45454545454545453,0.0
2.2318456122275006,-0.9564766118090154,0.0,-4.231317633031139,1.0,0.14285714285714285,0.18181818181818182,0.0
0.7933229216896874,1.4217739748747706,0.0,0.606426336496869,0.0,1.4285714285714286,0.18181818181818182,0.0
0.19778310622916048,-0.3357714348786649,0.0,-3.3147401855377905,1.0,-0.5714285714285714,-0.8181818181818182,0.0
1.745247473311955,-1.1177519241168583,0.0,-4.231317633031139,1.0,-0.42857142857142855,0.2727272727272727,0.0
0.7933229216896874,0.6794448851436891,0.0,0.606426336496869,1.0,-0.2857142857142857,-0.8181818181818182,0.0
1.464051504320956,-0.6026999824899626,0.0,-3.3147401855377905,1.0,-0.2857142857142857,-0.5454545454545454,0.0
-0.10467399843822048,0.06938438844927035,0.0,0.37317237215128934,0.0,-0.42857142857142855,1.0,0.0
0.7933229216896874,-0.35910720114394407,0.0,0.8971733958862885,1.0,0.42857142857142855,-0.36363636363636365,0.0
-0.10467399843822048,-0.028835001497130974,0.0,-6.714794576412461,0.0,-0.14285714285714285,-0.45454545454545453,0.0
-0.10467399843822048,0.8046397075395368,0.0,-0.24462309878262187,0.0,1.0,0.2727272727272727,0.0
-0.10467399843822048,-1.140546651064236,0.0,0.0,0.0,-0.14285714285714285,-0.36363636363636365,0.0
0.9416319285866047,-0.19907857395944872,0.0,0.37317237215128934,-1.0,1.5714285714285714,0.45454545454545453,-1.0
-0.10478075428474319,0.2847754460728065,0.0,1.0111752721708358,2.0,-0.5714285714285714,-0.8181818181818182,0.0
1.1497019389863385,-0.16696071978133362,0.0,0.8178474275141694,1.0,0.7142857142857143,0.8181818181818182,0.0
-0.44584025932124,0.22706234250051116,0.0,-0.3776354696174146,0.0,0.0,-0.8181818181818182,0.0
-0.44584025932124,0.4886503010794398,0.0,-3.076566615045329,0.0,-0.14285714285714285,-0.8181818181818182,0.0
1.464051504320956,-1.321274558168201,0.0,1.0479331248627939,1.0,-0.2857142857142857,-0.6363636363636364,0.0
1.464051504320956,0.3847056029339036,0.0,0.606426336496869,1.0,1.7142857142857142,1.0,0.0
0.0,-0.29176838662839033,0.0,0.5159919520009286,0.0,-0.42857142857142855,-0.9090909090909091,0.0
-0.44584025932124,0.37319501316810694,0.0,-0.11900421984452515,0.0,-0.2857142857142857,-0.8181818181818182,0.0
0.7933229216896874,-0.5673908793682114,0.0,1.0111752721708358,1.0,-0.5714285714285714,-0.8181818181818182,0.0
0.38191524446814146,0.7632550204801161,0.0,1.1547510179858091,2.0,-0.5714285714285714,-0.8181818181818182,0.0
-0.44584025932124,-0.5789207511512438,0.0,-0.31015111099647874,0.0,-0.42857142857142855,-0.9090909090909091,0.0
0.636285217605048,-0.24112447049201868,0.0,0.46938085463278284,0.0,0.42857142857142855,0.6363636363636364,0.0
2.643259643795782,-1.5228335072901067,0.0,-3.8828510601497532,1.0,1.4285714285714286,0.8181818181818182,0.0
1.464051504320956,-1.0094611914832183,0.0,0.7771155483683956,1.0,0.0,0.7272727272727273,0.0
-0.10467399843822048,0.34365702786471397,0.0,-0.11900421984452515,0.0,-0.42857142857142855,-1.0909090909090908,0.0
0.55415974067876,0.006857056734749474,0.0,0.0,0.0,2.0,0.9090909090909091,0.0
0.5540763373087875,-0.5673908793682114,0.0,0.606426336496869,1.0,0.5714285714285714,0.2727272727272727,0.0
-0.3272060223972283,0.14006962143368895,0.0,-0.31015111099647874,0.0,0.14285714285714285,-0.45454545454545453,0.0
1.1497019389863385,-0.24112447049201868,0.0,1.0111752721708358,0.0,-0.2857142857142857,0.36363636363636365,0.0
-0.10467399843822048,-0.279545267619086,0.0,-0.0587190970290531,0.0,1.2857142857142858,0.5454545454545454,0.0
-0.7002061889168545,0.5656388041730832,0.0,-4.6434661109333035,0.0,-0.2857142857142857,-0.8181818181818182,0.0
0.0,0.34482168168142985,0.0,-0.18094119376184353,0.0,0.5714285714285714,0.0,0.0
-0.9813932620667003,-0.1529357715051551,0.0,-0.5189663710251802,-1.0,-0.14285714285714285,0.36363636363636365,-1.0
0.7933229216896874,0.9416433145250744,0.0,0.37317237215128934,1.0,1.4285714285714286,0.7272727272727273,0.0
-0.9813932620667003,-0.024388531108945625,0.0,-0.31015111099647874,0.0,-0.42857142857142855,-0.8181818181818182,0.0
0.0,0.24534009851396646,0.0,-3.076566615045329,1.0,0.0,-0.45454545454545453,0.0
-0.10467399843822048,-0.7429631067871839,0.0,-0.18094119376184353,0.0,0.0,-0.45454545454545453,0.0
-0.9813932620667003,0.13757030677055013,0.0,-0.24462309878262187,0.0,-0.14285714285714285,-0.8181818181818182,0.0
0.38191524446814146,-0.5505193157822077,0.0,1.1197029030274073,2.0,-0.42857142857142855,-0.45454545454545453,0.0
0.38191524446814146,-0.3319727997525014,0.0,1.0111752721708358,2.0,-0.42857142857142855,-0.36363636363636365,0.0
0.38191524446814146,0.4881974058268009,0.0,0.11305146292924435,0.0,2.0,1.0,0.0
-0.8370983802185354,0.02237446313696377,0.0,-0.0587190970290531,0.0,0.8571428571428571,0.36363636363636365,0.0
2.2318456122275006,0.05220398176692123,0.0,1.2567483848914953,2.0,1.8571428571428572,1.0,0.0
-0.3272060223972283,0.1249077217294245,0.0,-0.5189663710251802,-1.0,1.8571428571428572,0.5454545454545454,-1.0
-0.3272060223972283,-0.48511919328952635,0.0,-5.798217128919112,0.0,0.14285714285714285,-0.45454545454545453,0.0
1.9996206813745259,-0.15710736667545322,0.0,1.289749819644638,2.0,2.0,0.9090909090909091,0.0
0.0,0.9084344417639266,0.0,0.37317237215128934,0.0,0.5714285714285714,0.7272727272727273,0.0
0.9416319285866047,-0.0987706681948814,0.0,0.11305146292924435,0.0,0.14285714285714285,0.9090909090909091,0.0
0.38191524446814146,-1.3770068882834852,0.0,0.0,0.0,-0.42857142857142855,0.45454545454545453,0.0
0.38191524446814146,0.864551477003375,0.0,0.22071743639696217,0.0,0.0,0.36363636363636365,0.0
0.1007232292538765,0.3557695221535705,0.0,-0.31015111099647874,0.0,-0.42857142857142855,-0.8181818181818182,0.0
-0.10467399843822048,0.5608687824407659,0.0,1.2232580222393352,1.0,0.8571428571428571,0.2727272727272727,0.0
-0.44584025932124,-0.01125226673296977,0.0,0.46938085463278284,1.0,-0.2857142857142857,-0.8181818181818182,0.0
0.0,0.21478867001692817,0.0,0.37317237215128934,1.0,0.14285714285714285,-0.45454545454545453,0.0
0.1007232292538765,1.125854376011981,0.0,0.46938085463278284,1.0,1.1428571428571428,0.36363636363636365,0.0
-0.5699940570015389,-0.3151835482578586,0.0,-0.5189663710251802,-1.0,2.0,0.5454545454545454,-1.0
-0.3272060223972283,-0.5818397997293803,0.0,-0.3776354696174146,0.0,0.0,-0.8181818181818182,0.0
0.19778310622916048,0.7516382914384963,0.0,0.7771155483683956,1.0,-0.42857142857142855,-0.36363636363636365,0.0
0.9416319285866047,-0.6946712129927921,0.0,0.5616613463218018,1.0,1.5714285714285714,1.0,0.0
-0.21362139389277127,-0.9290267901139586,0.0,-0.44719659286056584,0.0,-0.42857142857142855,-0.8181818181818182,0.0
0.46942675728457767,0.7415319573690986,0.0,0.37317237215128934,0.0,0.2857142857142857,0.9090909090909091,0.0
0.38191524446814146,-0.835271446795848,0.0,0.46938085463278284,1.0,0.14285714285714285,-0.6363636363636364,0.0
0.7933229216896874,0.23837894744921242,0.0,0.37317237215128934,1.0,0.0,-0.45454545454545453,0.0
0.38191524446814146,0.36819030253374835,0.0,1.1892640262705585,2.0,-0.42857142857142855,-0.9090909090909091,0.0
0.636285217605048,-0.42197207538599824,0.0,-0.24462309878262187,0.0,0.0,0.9090909090909091,0.0
1.464051504320956,-0.27610026142149374,0.0,1.1892640262705585,1.0,1.8571428571428572,1.0,0.0
0.55415974067876,0.04636089075285312,0.0,-0.5930896716640074,-1.0,1.4285714285714286,1.0,-1.0
0.1007232292538765,-0.014508236541094859,0.0,-0.31015111099647874,-1.0,0.2857142857142857,0.36363636363636365,-1.0
0.0,-0.6805946339674299,0.0,0.46938085463278284,1.0,0.2857142857142857,-0.45454545454545453,0.0
0.1007232292538765,0.34945679221854287,0.0,0.05723237673061794,0.0,0.5714285714285714,0.36363636363636365,0.0
0.38191524446814146,-0.05978552351080804,0.0,-0.44719659286056584,0.0,1.4285714285714286,1.0,0.0
0.636285217605048,0.4454107975012954,0.0,-0.31015111099647874,0.0,1.0,0.5454545454545454,0.0
-0.10467399843822048,0.3276982665841713,0.0,-0.6697261000016845,-1.0,0.2857142857142857,0.0,-1.0
0.19778310622916048,-0.6180787001169252,0.0,0.7356362537315051,1.0,0.14285714285714285,-0.36363636363636365,0.0
-0.44584025932124,0.21551796675556759,0.0,-0.3776354696174146,0.0,-0.2857142857142857,0.45454545454545453,0.0
1.1497019389863385,-0.5078136974332474,0.0,0.5616613463218018,1.0,1.5714285714285714,0.7272727272727273,0.0
0.636285217605048,0.5491747658672184,0.0,0.7771155483683956,1.0,1.2857142857142858,0.6363636363636364,0.0
-0.9813932620667003,0.8963305783219221,0.0,-0.44719659286056584,0.0,0.0,0.2727272727272727,0.0
0.55415974067876,-0.1543229349567267,0.0,0.5159919520009286,0.0,0.2857142857142857,-0.36363636363636365,0.0
0.0,-0.34926833542349495,0.0,-5.798217128919112,1.0,0.14285714285714285,-0.45454545454545453,0.0
0.38191524446814146,-0.18572136942302164,0.0,-0.24462309878262187,0.0,-0.42857142857142855,-0.9090909090909091,0.0
0.8685074526746561,0.19398254104780677,0.0,0.22071743639696217,1.0,0.0,-0.7272727272727273,0.0
-0.10467399843822048,0.43357357312418865,0.0,1.0111752721708358,1.0,3.0,1.1818181818181819,0.0
-0.10467399843822048,-1.2608406295352421,0.0,0.22071743639696217,0.0,1.1428571428571428,0.2727272727272727,0.0
0.0,-0.8129498828430624,0.0,0.11305146292924435,0.0,0.5714285714285714,-0.36363636363636365,0.0
1.745247473311955,-0.6243475254396108,0.0,-3.076566615045329,2.0,1.8571428571428572,1.0,0.0
0.7933229216896874,-1.4792486135493812,0.0,0.0,0.0,0.5714285714285714,-0.45454545454545453,0.0
0.38191524446814146,-1.1890480761149003,0.0,0.0,0.0,0.5714285714285714,0.36363636363636365,0.0
0.38191524446814146,-0.9453385568407965,0.0,-0.11900421984452515,0.0,0.42857142857142855,0.7272727272727273,0.0
0.7933229216896874,0.07219841767967619,0.0,0.7771155483683956,1.0,1.1428571428571428,0.7272727272727273,0.0
1.464051504320956,-0.5103916424812986,0.0,0.2726865787772108,1.0,1.0,0.9090909090909091,0.0
1.1497019389863385,-0.1813372068741911,0.0,0.42178839925821415,1.0,0.0,-0.45454545454545453,0.0
0.9416319285866047,0.32709858873794684,0.0,0.37317237215128934,1.0,1.0,0.9090909090909091,0.0
0.7933229216896874,-0.835271446795848,0.0,0.5159919520009286,1.0,0.5714285714285714,0.5454545454545454,0.0
0.38191524446814146,-0.872897510634965,0.0,0.46938085463278284,0.0,0.2857142857142857,0.2727272727272727,0.0
0.38191524446814146,-0.9236910138911484,0.0,-0.11900421984452515,0.0,0.0,-0.18181818181818182,0.0
1.0128062361792496,-1.1328473165675654,0.0,-0.3776354696174146,0.0,0.5714285714285714,1.0,0.0
0.1007232292538765,-0.06451620440985469,0.0,0.22071743639696217,1.0,-0.42857142857142855,-0.8181818181818182,0.0
1.3427174804546107,-0.835271446795848,0.0,0.9358163562335279,1.0,1.1428571428571428,0.9090909090909091,0.0
0.636285217605048,-0.9678352365963977,0.0,1.3859583021261306,2.0,-0.2857142857142857,-0.8181818181818182,0.0
0.636285217605048,-0.24926066091815985,0.0,0.37317237215128934,0.0,0.14285714285714285,0.7272727272727273,0.0
1.3427174804546107,-0.47288862740542625,0.0,0.5159919520009286,1.0,0.2857142857142857,1.0,0.0
0.38191524446814146,-0.9508805497861824,0.0,0.42178839925821415,1.0,-0.42857142857142855,-0.9090909090909091,0.0
0.38191524446814146,-0.7914645318378476,0.0,-0.5930896716640074,-1.0,0.0,0.6363636363636364,-1.0
0.8685074526746561,-0.6634712188701708,0.0,0.5616613463218018,1.0,0.0,-0.45454545454545453,0.0
1.279917247989928,-1.0346780789170487,0.0,0.606426336496869,1.0,1.4285714285714286,0.45454545454545453,0.0
0.1007232292538765,-0.46091341567317917,0.0,-3.580995584636514,1.0,-0.14285714285714285,-0.8181818181818182,0.0
-0.9813932620667003,1.3974162904124787,0.0,-0.0587190970290531,0.0,-0.42857142857142855,-0.8181818181818182,0.0
0.38191524446814146,0.8407933899117835,1.0,0.16752537911954302,0.0,-0.14285714285714285,0.8181818181818182,0.0
-0.9813932620667003,-1.4519295548339555,0.0,-0.831263242156469,-1.0,0.8571428571428571,0.36363636363636365,-1.0
-0.9813932620667003,-0.8307371005924263,0.0,0.0,0.0,0.5714285714285714,0.2727272727272727,0.0
-0.44584025932124,-1.3888339425029188,0.0,0.11305146292924435,0.0,-0.14285714285714285,-0.8181818181818182,0.0
-0.7002061889168545,-0.8262383182546991,1.0,-4.231317633031139,0.0,-0.2857142857142857,-0.8181818181818182,0.0
0.38191524446814146,-2.0189889510858565,1.0,0.37317237215128934,0.0,1.0,0.5454545454545454,0.0
-0.15859182620637594,0.746174101534584,0.0,-0.18094119376184353,0.0,-0.5714285714285714,-0.45454545454545453,0.0
0.55415974067876,-1.003326461265216,0.0,-4.6434661109333035,1.0,0.14285714285714285,-0.36363636363636365,0.0
-0.3272060223972283,-0.7276664187360016,0.0,0.5616613463218018,-1.0,1.2857142857142858,0.2727272727272727,-1.0
0.55415974067876,0.24395461038220265,0.0,0.16752537911954302,1.0,-0.42857142857142855,-0.45454545454545453,0.0
-0.10467399843822048,-1.3107496425503673,1.0,-0.5189663710251802,0.0,0.0,-0.8181818181818182,0.0
-0.3272060223972283,-0.8262383182546991,1.0,0.8578583504642956,1.0,-0.5714285714285714,-0.45454545454545453,0.0
0.38191524446814146,0.037483110317539294,1.0,0.0,-1.0,0.0,0.09090909090909091,-1.0
0.636285217605048,1.4591485680730885,1.0,0.11305146292924435,-1.0,-0.42857142857142855,-1.0909090909090908,-1.0
0.38191524446814146,0.5156218209350192,0.0,-0.5189663710251802,0.0,-0.42857142857142855,0.7272727272727273,0.0
0.19778310622916048,-0.42641854577418353,0.0,1.2567483848914953,2.0,-0.2857142857142857,-0.45454545454545453,0.0
0.7933229216896874,-0.8173452438731197,1.0,-6.714794576412461,0.0,-0.2857142857142857,0.9090909090909091,0.0
0.38191524446814146,0.4018130572156435,0.0,0.22071743639696217,0.0,1.8571428571428572,0.9090909090909091,0.0
-0.8370983802185354,1.6625910738426006,1.0,-0.44719659286056584,0.0,-0.5714285714285714,-1.0909090909090908,0.0
-0.10467399843822048,-0.46806849981615783,1.0,-0.5189663710251802,0.0,0.5714285714285714,1.0,0.0
0.38191524446814146,0.7911738729136618,1.0,0.8971733958862885,1.0,1.5714285714285714,0.2727272727272727,0.0
-0.3272060223972283,0.33720881495411853,0.0,-3.8828510601497532,0.0,0.2857142857142857,0.45454545454545453,0.0
-0.3272060223972283,0.41328527578647867,0.0,-0.5189663710251802,-1.0,-0.2857142857142857,1.0,-1.0
-0.5699940570015389,0.25494592744284905,0.0,-0.5189663710251802,0.0,-0.5714285714285714,-0.8181818181818182,0.0
-0.9813932620667003,-0.010171037746142333,0.0,0.22071743639696217,1.0,-0.42857142857142855,-0.8181818181818182,0.0
-0.7002061889168545,0.11890146990991347,0.0,-0.5189663710251802,0.0,-0.5714285714285714,-1.0909090909090908,0.0
-0.9813932620667003,0.23486643305768096,0.0,-0.5189663710251802,-1.0,-0.5714285714285714,-1.0,-1.0
-0.5699940570015389,0.4315767327866219,1.0,0.0,0.0,-0.42857142857142855,-0.45454545454545453,0.0
0.55415974067876,0.20000455759701585,0.0,0.11305146292924435,0.0,0.5714285714285714,0.9090909090909091,0.0
-0.7002061889168545,0.5754507404478207,0.0,0.11305146292924435,0.0,0.14285714285714285,-0.36363636363636365,0.0
-0.7002061889168545,0.15240540456245139,1.0,-0.18094119376184353,0.0,-0.42857142857142855,-1.0,0.0
0.7933229216896874,1.7561584275495499,0.0,0.11305146292924435,0.0,-0.42857142857142855,1.0,0.0
-0.10467399843822048,-0.3338689727443347,0.0,-0.9165774474933477,-1.0,2.7142857142857144,0.9090909090909091,-1.0
0.7933229216896874,-0.1960833096717612,1.0,-0.9165774474933477,-1.0,0.0,1.0,-1.0
1.279917247989928,-0.7707549969593306,0.0,0.606426336496869,1.0,-0.14285714285714285,0.45454545454545453,0.0
-0.9813932620667003,1.0359920602118569,0.0,-0.5189663710251802,-1.0,1.7142857142857142,0.45454545454545453,-1.0
0.7933229216896874,-0.5877228442006206,1.0,-0.5189663710251802,0.0,-0.2857142857142857,-0.18181818181818182,0.0
1.1497019389863385,0.14668170396265884,0.0,0.7771155483683956,1.0,1.8571428571428572,0.7272727272727273,0.0
-0.10467399843822048,-0.9972566500453774,0.0,-3.8828510601497532,0.0,0.0,-0.5454545454545454,0.0
0.38191524446814146,-0.34926833542349495,0.0,0.22071743639696217,1.0,1.0,0.6363636363636364,0.0
0.7933229216896874,-0.7091019566928066,1.0,-0.5189663710251802,-1.0,1.8571428571428572,0.5454545454545454,-1.0
-0.10467399843822048,-0.33959539442597,0.0,-0.5189663710251802,-1.0,0.2857142857142857,0.6363636363636364,-1.0
0.19778310622916048,-0.8777791725060785,0.0,0.5159919520009286,0.0,-0.2857142857142857,0.18181818181818182,0.0
0.0,-0.6501312732606936,1.0,-3.580995584636514,0.0,-0.5714285714285714,0.45454545454545453,0.0
1.0128062361792496,-1.0747123561731906,1.0,1.0111752721708358,1.0,-0.2857142857142857,-0.45454545454545453,0.0
-0.10467399843822048,-0.18279487426012442,0.0,-0.0587190970290531,0.0,-0.14285714285714285,0.2727272727272727,0.0
-0.44584025932124,-0.23951099036294352,0.0,-0.5930896716640074,-1.0,-0.5714285714285714,-0.8181818181818182,-1.0
0.7933229216896874,-0.7707549969593306,0.0,0.37317237215128934,1.0,0.0,-0.45454545454545453,0.0
-0.44584025932124,-0.2970876687157395,0.0,0.0,0.0,0.7142857142857143,0.09090909090909091,0.0
-1.4679706441348583,0.42097772645177145,0.0,-0.831263242156469,-1.0,-0.2857142857142857,0.36363636363636365,-1.0
0.9416319285866047,-0.902830831130566,0.0,-0.18094119376184353,0.0,2.4285714285714284,1.0,0.0
1.464051504320956,-1.5228335072901067,0.0,-4.6434661109333035,2.0,0.0,-0.8181818181818182,0.0
1.1497019389863385,-0.8262383182546991,0.0,-0.5189663710251802,-1.0,-0.14285714285714285,1.0,-1.0
-0.21362139389277127,-0.5996731057683249,0.0,-0.44719659286056584,0.0,0.0,-0.8181818181818182,0.0
0.19778310622916048,-0.29530908804209804,0.0,0.16752537911954302,0.0,1.8571428571428572,0.45454545454545453,0.0
0.7933229216896874,-0.38343276046606106,0.0,0.42178839925821415,1.0,1.0,0.45454545454545453,0.0
0.38191524446814146,-1.5700046067169942,0.0,-0.0587190970290531,0.0,-0.2857142857142857,-0.5454545454545454,0.0
0.55415974067876,-1.180674324365145,0.0,-0.3776354696174146,0.0,0.5714285714285714,-0.36363636363636365,0.0
0.2914367813509963,-0.10383552942746371,0.0,0.693381600441056,1.0,0.0,-0.36363636363636365,0.0
0.55415974067876,-0.20208956149127225,0.0,0.37317237215128934,0.0,1.8571428571428572,0.8181818181818182,0.0
1.9996206813745259,-0.9453385568407965,0.0,1.3543415890899706,2.0,0.14285714285714285,0.7272727272727273,0.0
0.0,-0.05626294248465089,1.0,0.22071743639696217,0.0,1.7142857142857142,0.2727272727272727,0.0
1.73990433617352,0.04733888213670061,1.0,2.1953802329976213,2.0,-0.2857142857142857,-0.9090909090909091,0.0
0.1007232292538765,-0.018878480978707486,0.0,-0.831263242156469,-1.0,-0.14285714285714285,1.0,-1.0
-0.7002061889168545,-2.2339100440721493,0.0,0.11305146292924435,0.0,0.7142857142857143,-0.36363636363636365,0.0
-0.7002061889168545,1.3552369964817967,0.0,-0.5189663710251802,0.0,-0.14285714285714285,-0.8181818181818182,0.0
0.7933229216896874,-0.40024251458997206,1.0,0.606426336496869,1.0,-0.42857142857142855,-1.0909090909090908,0.0
1.0128062361792496,-1.7630023251505031,1.0,0.693381600441056,0.0,0.8571428571428571,0.9090909090909091,0.0
0.7933229216896874,-3.6093231281940668,0.0,0.7771155483683956,2.0,-0.42857142857142855,-1.0909090909090908,0.0
-0.10467399843822048,-0.3691177834596955,1.0,-0.24462309878262187,0.0,-0.42857142857142855,-0.5454545454545454,0.0
-0.10467399843822048,0.18328944134793895,0.0,0.8178474275141694,1.0,-0.5714285714285714,-1.0,0.0
